X1;X2;X3;->;A;B;M;MAGNITUDE;V;<NA>
1;21:22:27;133452;R;NA;NA;NA;NA;NA;887;NA
2;21:22:32;138462;R;NA;NA;NA;NA;NA;887;NA
3;21:23:06;143470;R;NA;NA;NA;NA;NA;887;NA
4;21:23:06;148480;R;NA;NA;NA;NA;NA;887;NA
5;21:23:06;153488;R;NA;NA;NA;NA;NA;887;NA
6;21:23:06;158497;R;NA;NA;NA;NA;NA;886;NA
7;21:23:06;163507;R;NA;NA;NA;NA;NA;886;NA
8;21:23:06;168515;R;NA;NA;NA;NA;NA;886;NA
9;21:23:07;173524;R;NA;NA;NA;NA;NA;886;NA
10;21:24:25;178533;R;NA;NA;NA;NA;NA;886;NA
11;21:24:25;183542;R;NA;NA;NA;NA;NA;886;NA
12;21:24:25;188551;R;NA;NA;NA;NA;NA;886;NA
13;21:24:25;193560;R;NA;NA;NA;NA;NA;886;NA
14;21:24:25;198569;R;NA;NA;NA;NA;NA;885;NA
15;21:24:25;203578;R;NA;NA;NA;NA;NA;885;NA
16;21:24:25;208587;R;NA;NA;NA;NA;NA;886;NA
17;21:24:25;213596;R;NA;NA;NA;NA;NA;885;NA
18;21:24:25;218605;R;NA;NA;NA;NA;NA;885;NA
19;21:24:25;223613;R;NA;NA;NA;NA;NA;885;NA
20;21:24:25;228613;R;NA;NA;NA;NA;NA;885;NA
21;21:24:25;233622;R;NA;NA;NA;NA;NA;885;NA
22;21:24:25;238630;R;NA;NA;NA;NA;NA;885;NA
23;21:24:25;243630;R;NA;NA;NA;NA;NA;885;NA
24;21:24:25;248639;R;NA;NA;NA;NA;NA;885;NA
25;21:24:27;253647;R;NA;NA;NA;NA;NA;884;NA
26;21:27:06;258647;R;NA;NA;NA;NA;NA;885;NA
27;21:27:06;263656;R;NA;NA;NA;NA;NA;884;NA
28;21:27:06;268664;R;NA;NA;NA;NA;NA;884;NA
29;21:27:06;273664;R;NA;NA;NA;NA;NA;884;NA
30;21:27:06;278673;R;NA;NA;NA;NA;NA;884;NA
31;21:27:06;283681;R;NA;NA;NA;NA;NA;884;NA
32;21:27:06;288691;R;NA;NA;NA;NA;NA;884;NA
33;21:27:06;293699;R;NA;NA;NA;NA;NA;884;NA
34;21:27:06;298708;R;NA;NA;NA;NA;NA;884;NA
35;21:27:06;303708;R;NA;NA;NA;NA;NA;884;NA
36;21:27:06;308716;R;NA;NA;NA;NA;NA;884;NA
37;21:27:06;313725;R;NA;NA;NA;NA;NA;884;NA
38;21:27:06;318725;R;NA;NA;NA;NA;NA;884;NA
39;21:27:06;323734;R;NA;NA;NA;NA;NA;884;NA
40;21:27:06;328742;R;NA;NA;NA;NA;NA;883;NA
41;21:27:06;333742;R;NA;NA;NA;NA;NA;883;NA
42;21:27:06;338751;R;NA;NA;NA;NA;NA;884;NA
43;21:27:06;343759;R;NA;NA;NA;NA;NA;883;NA
44;21:27:06;348759;R;NA;NA;NA;NA;NA;883;NA
45;21:27:06;353768;R;NA;NA;NA;NA;NA;883;NA
46;21:27:06;358776;R;NA;NA;NA;NA;NA;884;NA
47;21:27:06;363776;R;NA;NA;NA;NA;NA;883;NA
48;21:27:06;368785;R;NA;NA;NA;NA;NA;883;NA
49;21:27:06;373793;R;NA;NA;NA;NA;NA;883;NA
50;21:27:06;378803;R;NA;NA;NA;NA;NA;883;NA
51;21:27:06;383812;R;NA;NA;NA;NA;NA;883;NA
52;21:27:06;388820;R;NA;NA;NA;NA;NA;883;NA
53;21:27:06;393820;R;NA;NA;NA;NA;NA;883;NA
54;21:27:06;398829;R;NA;NA;NA;NA;NA;883;NA
55;21:27:06;403837;R;NA;NA;NA;NA;NA;883;NA
56;21:27:06;408837;R;NA;NA;NA;NA;NA;883;NA
57;21:27:07;413846;R;NA;NA;NA;NA;NA;883;NA
58;21:27:13;418854;R;NA;NA;NA;NA;NA;883;NA
59;21:27:17;423854;R;NA;NA;NA;NA;NA;883;NA
60;21:27:22;428863;R;NA;NA;NA;NA;NA;883;NA
61;21:27:27;433871;R;NA;NA;NA;NA;NA;883;NA
62;21:27:32;438871;R;NA;NA;NA;NA;NA;883;NA
63;21:27:37;443880;R;NA;NA;NA;NA;NA;883;NA
64;21:27:42;448888;R;NA;NA;NA;NA;NA;882;NA
65;21:27:47;453888;R;NA;NA;NA;NA;NA;882;NA
66;21:27:52;458897;R;NA;NA;NA;NA;NA;882;NA
67;21:27:57;463906;R;NA;NA;NA;NA;NA;882;NA
68;21:28:02;468915;R;NA;NA;NA;NA;NA;882;NA
69;21:28:07;473924;R;NA;NA;NA;NA;NA;882;NA
70;21:28:12;478932;R;NA;NA;NA;NA;NA;882;NA
71;21:28:17;483932;R;NA;NA;NA;NA;NA;882;NA
72;21:28:22;488941;R;NA;NA;NA;NA;NA;882;NA
73;21:28:27;493949;R;NA;NA;NA;NA;NA;882;NA
74;21:28:32;498949;R;NA;NA;NA;NA;NA;882;NA
75;21:28:37;503958;R;NA;NA;NA;NA;NA;882;NA
76;21:28:42;508966;R;NA;NA;NA;NA;NA;882;NA
77;21:28:47;513966;R;NA;NA;NA;NA;NA;885;NA
78;21:28:52;518975;R;NA;NA;NA;NA;NA;882;NA
79;21:28:57;523983;R;NA;NA;NA;NA;NA;881;NA
80;21:29:02;528983;R;NA;NA;NA;NA;NA;881;NA
81;21:29:07;533992;R;NA;NA;NA;NA;NA;882;NA
82;21:29:12;539000;R;NA;NA;NA;NA;NA;881;NA
83;21:29:17;544000;R;NA;NA;NA;NA;NA;881;NA
84;21:29:17;S0;NA;NA;NA;NA;NA;NA;NA;NA
85;21:29:22;549009;R;NA;NA;NA;NA;NA;881;NA
86;21:29:27;554018;R;NA;NA;NA;NA;NA;881;NA
87;21:29:32;559027;R;NA;NA;NA;NA;NA;882;NA
88;21:29:37;564036;R;NA;NA;NA;NA;NA;881;NA
89;21:29:42;569044;R;NA;NA;NA;NA;NA;881;NA
90;21:29:47;574044;R;NA;NA;NA;NA;NA;881;NA
91;21:29:54;579053;R;NA;NA;NA;NA;NA;881;NA
92;21:30:02;584061;R;NA;NA;NA;NA;NA;881;NA
93;21:30:02;589061;R;NA;NA;NA;NA;NA;881;NA
94;21:30:02;S0;NA;NA;NA;NA;NA;NA;NA;NA
95;21:30:05;S0;NA;NA;NA;NA;NA;NA;NA;NA
96;21:30:07;594070;R;NA;NA;NA;NA;NA;884;NA
97;21:30:12;599079;R;NA;NA;NA;NA;NA;881;NA
98;21:30:17;604088;R;NA;NA;NA;NA;NA;881;NA
99;21:30:22;609097;R;NA;NA;NA;NA;NA;881;NA
100;21:30:29;614107;R;NA;NA;NA;NA;NA;881;NA
101;21:30:34;619115;R;NA;NA;NA;NA;NA;881;NA
102;21:30:37;624124;R;NA;NA;NA;NA;NA;881;NA
103;21:30:42;629133;R;NA;NA;NA;NA;NA;881;NA
104;21:30:47;634142;R;NA;NA;NA;NA;NA;881;NA
105;21:30:52;639152:;S0;S1;NA;NA;NA;NA;NA;NA
106;21:30:52;639575;R;NA;NA;NA;NA;NA;880;NA
107;21:30:52;639648;R;NA;NA;NA;0.25;NA;NA;NA
108;21:30:53;640167;R;NA;NA;NA;0.18;NA;NA;NA
109;21:30:54;640699;R;NA;NA;NA;0.17;NA;NA;NA
110;21:30:54;641230;R;NA;NA;NA;0.16;NA;NA;NA
111;21:30:55;641762;R;NA;NA;NA;0.26;NA;NA;NA
112;21:30:55;642293;R;NA;NA;NA;0.29;NA;NA;NA
113;21:30:56;642824;R;NA;NA;NA;0.22;NA;NA;NA
114;21:30:56;643355;R;NA;NA;NA;0.23;NA;NA;NA
115;21:30:57;643887;R;NA;NA;NA;0.27;NA;NA;NA
116;21:30:57;644180;R;NA;NA;NA;NA;NA;881;NA
117;21:30:57;644419;R;NA;NA;NA;0.18;NA;NA;NA
118;21:30:58;644950;R;NA;NA;NA;0.25;NA;NA;NA
119;21:30:58;645481;R;NA;NA;NA;0.19;NA;NA;NA
120;21:30:59;646012;R;NA;NA;NA;0.21;NA;NA;NA
121;21:30:59;646543;R;NA;NA;NA;0.17;NA;NA;NA
122;21:31:00;647074;R;NA;NA;NA;0.16;NA;NA;NA
123;21:31:00;647606;R;NA;NA;NA;180.08;NA;NA;NA
124;21:31:00;647607:;MAGNETOMETER;NA;NA;NA;NA;ABOVE;NA;NA
125;21:31:00;647608:;S1;S2;NA;NA;NA;NA;NA;NA
126;21:31:00;647644;R;NA;21.17;NA;NA;NA;NA;NA
127;21:31:00;647646;R;NA;NA;100939.50;NA;NA;NA;NA
128;21:31:00;647692;R;NA;21.17;NA;NA;NA;NA;NA
129;21:31:00;647705;R;NA;21.18;NA;NA;NA;NA;NA
130;21:31:00;647708;R;NA;NA;100940.50;NA;NA;NA;NA
131;21:31:01;647754;R;NA;21.18;NA;NA;NA;NA;NA
132;21:31:01;647767;R;NA;21.21;NA;NA;NA;NA;NA
133;21:31:01;647770;R;NA;NA;100939.00;NA;NA;NA;NA
134;21:31:01;647816;R;NA;21.12;NA;NA;NA;NA;NA
135;21:31:01;647829;R;NA;21.17;NA;NA;NA;NA;NA
136;21:31:01;647831;R;NA;NA;100938.00;NA;NA;NA;NA
137;21:31:01;647878;R;NA;21.24;NA;NA;NA;NA;NA
138;21:31:01;647890;R;NA;21.21;NA;NA;NA;NA;NA
139;21:31:01;647894;R;NA;NA;100937.75;NA;NA;NA;NA
140;21:31:01;647940;R;NA;21.16;NA;NA;NA;NA;NA
141;21:31:01;647943;R;NA;NA;100938.25;NA;NA;NA;NA
142;21:31:01;647989;R;NA;21.17;NA;NA;NA;NA;NA
143;21:31:01;648001;R;NA;21.11;NA;NA;NA;NA;NA
144;21:31:01;648004;R;NA;NA;100937.50;NA;NA;NA;NA
145;21:31:01;648050;R;NA;21.13;NA;NA;NA;NA;NA
146;21:31:01;648064;R;NA;21.19;NA;NA;NA;NA;NA
147;21:31:01;648066;R;NA;NA;100938.50;NA;NA;NA;NA
148;21:31:01;648113;R;NA;21.15;NA;NA;NA;NA;NA
149;21:31:01;648125;R;NA;21.20;NA;NA;NA;NA;NA
150;21:31:01;648128;R;NA;NA;100938.75;NA;NA;NA;NA
151;21:31:01;648174;R;NA;21.23;NA;NA;NA;NA;NA
152;21:31:01;648187;R;NA;21.21;NA;NA;NA;NA;NA
153;21:31:01;648189;R;NA;NA;100938.50;NA;NA;NA;NA
154;21:31:01;648236;R;NA;21.17;NA;NA;NA;NA;NA
155;21:31:01;648239;R;NA;NA;100940.25;NA;NA;NA;NA
156;21:31:01;648285;R;NA;21.19;NA;NA;NA;NA;NA
157;21:31:01;648298;R;NA;21.17;NA;NA;NA;NA;NA
158;21:31:01;648300;R;NA;NA;100940.50;NA;NA;NA;NA
159;21:31:01;648347;R;NA;21.17;NA;NA;NA;NA;NA
160;21:31:01;648359;R;NA;21.19;NA;NA;NA;NA;NA
161;21:31:01;648363;R;NA;NA;100940.50;NA;NA;NA;NA
162;21:31:01;648409;R;NA;21.18;NA;NA;NA;NA;NA
163;21:31:01;648412;R;NA;NA;100939.25;NA;NA;NA;NA
164;21:31:01;648458;R;NA;21.20;NA;NA;NA;NA;NA
165;21:31:01;648470;R;NA;21.19;NA;NA;NA;NA;NA
166;21:31:01;648473;R;NA;NA;100938.50;NA;NA;NA;NA
167;21:31:02;648519;R;NA;21.16;NA;NA;NA;NA;NA
168;21:31:02;648532;R;NA;21.16;NA;NA;NA;NA;NA
169;21:31:02;648535;R;NA;NA;100938.75;NA;NA;NA;NA
170;21:31:02;648582;R;NA;21.19;NA;NA;NA;NA;NA
171;21:31:02;648584;R;NA;NA;100938.00;NA;NA;NA;NA
172;21:31:02;648630;R;NA;21.20;NA;NA;NA;NA;NA
173;21:31:02;648643;R;NA;21.21;NA;NA;NA;NA;NA
174;21:31:02;648646;R;NA;NA;100938.00;NA;NA;NA;NA
175;21:31:02;648692;R;NA;21.21;NA;NA;NA;NA;NA
176;21:31:02;648705;R;NA;21.20;NA;NA;NA;NA;NA
177;21:31:02;648708;R;NA;NA;100937.75;NA;NA;NA;NA
178;21:31:02;648754;R;NA;21.20;NA;NA;NA;NA;NA
179;21:31:02;648767;R;NA;21.18;NA;NA;NA;NA;NA
180;21:31:02;648769;R;NA;NA;100933.50;NA;NA;NA;NA
181;21:31:02;648816;R;NA;21.16;NA;NA;NA;NA;NA
182;21:31:02;648828;R;NA;21.17;NA;NA;NA;NA;NA
183;21:31:02;648832;R;NA;NA;100933.75;NA;NA;NA;NA
184;21:31:02;648878;R;NA;21.20;NA;NA;NA;NA;NA
185;21:31:02;648881;R;NA;NA;100934.75;NA;NA;NA;NA
186;21:31:02;648927;R;NA;21.19;NA;NA;NA;NA;NA
187;21:31:02;648939;R;NA;21.22;NA;NA;NA;NA;NA
188;21:31:02;648942;R;NA;NA;100933.75;NA;NA;NA;NA
189;21:31:02;648988;R;NA;21.22;NA;NA;NA;NA;NA
190;21:31:02;649001;R;NA;21.20;NA;NA;NA;NA;NA
191;21:31:02;649004;R;NA;NA;100936.25;NA;NA;NA;NA
192;21:31:02;649050;R;NA;21.20;NA;NA;NA;NA;NA
193;21:31:02;649063;R;NA;21.19;NA;NA;NA;NA;NA
194;21:31:02;649066;R;NA;NA;100936.00;NA;NA;NA;NA
195;21:31:02;649112;R;NA;21.17;NA;NA;NA;NA;NA
196;21:31:02;649124;R;NA;21.18;NA;NA;NA;NA;NA
197;21:31:02;649127;R;NA;NA;100936.50;NA;NA;NA;NA
198;21:31:02;649174;R;NA;21.20;NA;NA;NA;NA;NA
199;21:31:02;649177;R;NA;NA;100937.50;NA;NA;NA;NA
200;21:31:02;649223;R;NA;NA;NA;NA;NA;880;NA
201;21:31:02;649224;R;NA;21.18;NA;NA;NA;NA;NA
202;21:31:02;649236;R;NA;21.19;NA;NA;NA;NA;NA
203;21:31:02;649239;R;NA;NA;100939.00;NA;NA;NA;NA
204;21:31:02;649285;R;NA;21.20;NA;NA;NA;NA;NA
205;21:31:02;649298;R;NA;21.20;NA;NA;NA;NA;NA
206;21:31:02;649300;R;NA;NA;100940.00;NA;NA;NA;NA
207;21:31:02;649348;R;NA;21.20;NA;NA;NA;NA;NA
208;21:31:02;649360;R;NA;21.19;NA;NA;NA;NA;NA
209;21:31:02;649363;R;NA;NA;100938.25;NA;NA;NA;NA
210;21:31:02;649409;R;NA;21.18;NA;NA;NA;NA;NA
211;21:31:02;649421;R;NA;21.18;NA;NA;NA;NA;NA
212;21:31:02;649424;R;NA;NA;100937.75;NA;NA;NA;NA
213;21:31:02;649470;R;NA;21.19;NA;NA;NA;NA;NA
214;21:31:02;649484;R;NA;21.18;NA;NA;NA;NA;NA
215;21:31:02;649487;R;NA;NA;100935.50;NA;NA;NA;NA
216;21:31:02;649533;R;NA;21.18;NA;NA;NA;NA;NA
217;21:31:02;649545;R;NA;21.19;NA;NA;NA;NA;NA
218;21:31:02;649548;R;NA;NA;100935.50;NA;NA;NA;NA
219;21:31:02;649594;R;NA;21.20;NA;NA;NA;NA;NA
220;21:31:02;649608;R;NA;21.19;NA;NA;NA;NA;NA
221;21:31:02;649610;R;NA;NA;100935.25;NA;NA;NA;NA
222;21:31:02;649656;R;NA;21.18;NA;NA;NA;NA;NA
223;21:31:02;649669;R;NA;21.18;NA;NA;NA;NA;NA
224;21:31:02;649672;R;NA;NA;100935.75;NA;NA;NA;NA
225;21:31:03;649718;R;NA;21.19;NA;NA;NA;NA;NA
226;21:31:03;649731;R;NA;21.20;NA;NA;NA;NA;NA
227;21:31:03;649734;R;NA;NA;100937.75;NA;NA;NA;NA
228;21:31:03;649780;R;NA;21.19;NA;NA;NA;NA;NA
229;21:31:03;649793;R;NA;21.18;NA;NA;NA;NA;NA
230;21:31:03;649795;R;NA;NA;100936.75;NA;NA;NA;NA
231;21:31:03;649842;R;NA;21.17;NA;NA;NA;NA;NA
232;21:31:03;649854;R;NA;21.18;NA;NA;NA;NA;NA
233;21:31:03;649858;R;NA;NA;100938.50;NA;NA;NA;NA
234;21:31:03;649904;R;NA;21.18;NA;NA;NA;NA;NA
235;21:31:03;649907;R;NA;NA;100938.50;NA;NA;NA;NA
236;21:31:03;649953;R;NA;21.18;NA;NA;NA;NA;NA
237;21:31:03;649965;R;NA;21.19;NA;NA;NA;NA;NA
238;21:31:03;649968;R;NA;NA;100938.25;NA;NA;NA;NA
239;21:31:03;650014;R;NA;21.19;NA;NA;NA;NA;NA
240;21:31:03;650028;R;NA;21.19;NA;NA;NA;NA;NA
241;21:31:03;650030;R;NA;NA;100939.00;NA;NA;NA;NA
242;21:31:03;650077;R;NA;21.19;NA;NA;NA;NA;NA
243;21:31:03;650089;R;NA;21.18;NA;NA;NA;NA;NA
244;21:31:03;650092;R;NA;NA;100938.00;NA;NA;NA;NA
245;21:31:03;650138;R;NA;21.18;NA;NA;NA;NA;NA
246;21:31:03;650151;R;NA;21.18;NA;NA;NA;NA;NA
247;21:31:03;650153;R;NA;NA;100938.75;NA;NA;NA;NA
248;21:31:03;650200;R;NA;21.19;NA;NA;NA;NA;NA
249;21:31:03;650203;R;NA;NA;100938.25;NA;NA;NA;NA
250;21:31:03;650249;R;NA;21.19;NA;NA;NA;NA;NA
251;21:31:03;650262;R;NA;21.19;NA;NA;NA;NA;NA
252;21:31:03;650265;R;NA;NA;100939.00;NA;NA;NA;NA
253;21:31:03;650311;R;NA;21.19;NA;NA;NA;NA;NA
254;21:31:03;650323;R;NA;21.19;NA;NA;NA;NA;NA
255;21:31:03;650327;R;NA;NA;100938.25;NA;NA;NA;NA
256;21:31:03;650373;R;NA;21.19;NA;NA;NA;NA;NA
257;21:31:03;650376;R;NA;NA;100936.25;NA;NA;NA;NA
258;21:31:03;650422;R;NA;21.19;NA;NA;NA;NA;NA
259;21:31:03;650434;R;NA;21.20;NA;NA;NA;NA;NA
260;21:31:03;650437;R;NA;NA;100937.25;NA;NA;NA;NA
261;21:31:03;650483;R;NA;21.20;NA;NA;NA;NA;NA
262;21:31:03;650497;R;NA;21.20;NA;NA;NA;NA;NA
263;21:31:03;650499;R;NA;NA;100936.00;NA;NA;NA;NA
264;21:31:03;650546;R;NA;21.19;NA;NA;NA;NA;NA
265;21:31:03;650558;R;NA;21.19;NA;NA;NA;NA;NA
266;21:31:03;650561;R;NA;NA;100937.25;NA;NA;NA;NA
267;21:31:03;650607;R;NA;21.20;NA;NA;NA;NA;NA
268;21:31:03;650620;R;NA;21.20;NA;NA;NA;NA;NA
269;21:31:03;650622;R;NA;NA;100938.00;NA;NA;NA;NA
270;21:31:03;650669;R;NA;21.20;NA;NA;NA;NA;NA
271;21:31:03;650672;R;NA;NA;100937.50;NA;NA;NA;NA
272;21:31:04;650718;R;NA;21.20;NA;NA;NA;NA;NA
273;21:31:04;650731;R;NA;21.19;NA;NA;NA;NA;NA
274;21:31:04;650733;R;NA;NA;100937.25;NA;NA;NA;NA
275;21:31:04;650780;R;NA;21.20;NA;NA;NA;NA;NA
276;21:31:04;650792;R;NA;21.20;NA;NA;NA;NA;NA
277;21:31:04;650796;R;NA;NA;100938.00;NA;NA;NA;NA
278;21:31:04;650842;R;NA;21.20;NA;NA;NA;NA;NA
279;21:31:04;650845;R;NA;NA;100939.00;NA;NA;NA;NA
280;21:31:04;650891;R;NA;21.20;NA;NA;NA;NA;NA
281;21:31:04;650903;R;NA;21.20;NA;NA;NA;NA;NA
282;21:31:04;650906;R;NA;NA;100939.50;NA;NA;NA;NA
283;21:31:04;650952;R;NA;21.20;NA;NA;NA;NA;NA
284;21:31:04;650966;R;NA;21.19;NA;NA;NA;NA;NA
285;21:31:04;650968;R;NA;NA;100940.50;NA;NA;NA;NA
286;21:31:04;651015;R;NA;21.18;NA;NA;NA;NA;NA
287;21:31:04;651027;R;NA;21.18;NA;NA;NA;NA;NA
288;21:31:04;651030;R;NA;NA;100938.50;NA;NA;NA;NA
289;21:31:04;651076;R;NA;21.17;NA;NA;NA;NA;NA
290;21:31:04;651088;R;NA;21.17;NA;NA;NA;NA;NA
291;21:31:04;651091;R;NA;NA;100938.50;NA;NA;NA;NA
292;21:31:04;651138;R;NA;21.18;NA;NA;NA;NA;NA
293;21:31:04;651141;R;NA;NA;100939.50;NA;NA;NA;NA
294;21:31:04;651187;R;NA;21.18;NA;NA;NA;NA;NA
295;21:31:04;651200;R;NA;21.19;NA;NA;NA;NA;NA
296;21:31:04;651202;R;NA;NA;100939.50;NA;NA;NA;NA
297;21:31:04;651249;R;NA;21.19;NA;NA;NA;NA;NA
298;21:31:04;651261;R;NA;21.19;NA;NA;NA;NA;NA
299;21:31:04;651265;R;NA;NA;100940.00;NA;NA;NA;NA
300;21:31:04;651311;R;NA;21.20;NA;NA;NA;NA;NA
301;21:31:04;651314;R;NA;NA;100939.00;NA;NA;NA;NA
302;21:31:04;651360;R;NA;21.20;NA;NA;NA;NA;NA
303;21:31:04;651372;R;NA;21.22;NA;NA;NA;NA;NA
304;21:31:04;651375;R;NA;NA;100937.25;NA;NA;NA;NA
305;21:31:04;651421;R;NA;21.21;NA;NA;NA;NA;NA
306;21:31:04;651435;R;NA;21.20;NA;NA;NA;NA;NA
307;21:31:04;651437;R;NA;NA;100937.50;NA;NA;NA;NA
308;21:31:04;651484;R;NA;21.19;NA;NA;NA;NA;NA
309;21:31:04;651496;R;NA;21.19;NA;NA;NA;NA;NA
310;21:31:04;651499;R;NA;NA;100937.00;NA;NA;NA;NA
311;21:31:04;651545;R;NA;21.21;NA;NA;NA;NA;NA
312;21:31:04;651557;R;NA;21.26;NA;NA;NA;NA;NA
313;21:31:04;651560;R;NA;NA;100937.00;NA;NA;NA;NA
314;21:31:04;651607;R;NA;21.29;NA;NA;NA;NA;NA
315;21:31:04;651610;R;NA;NA;100936.75;NA;NA;NA;NA
316;21:31:04;651656;R;NA;21.26;NA;NA;NA;NA;NA
317;21:31:04;651669;R;NA;21.19;NA;NA;NA;NA;NA
318;21:31:04;651671;R;NA;NA;100936.00;NA;NA;NA;NA
319;21:31:04;651718;R;NA;21.12;NA;NA;NA;NA;NA
320;21:31:05;651730;R;NA;21.15;NA;NA;NA;NA;NA
321;21:31:05;651734;R;NA;NA;100936.50;NA;NA;NA;NA
322;21:31:05;651780;R;NA;21.21;NA;NA;NA;NA;NA
323;21:31:05;651783;R;NA;NA;100937.00;NA;NA;NA;NA
324;21:31:05;651829;R;NA;21.25;NA;NA;NA;NA;NA
325;21:31:05;651841;R;NA;21.26;NA;NA;NA;NA;NA
326;21:31:05;651844;R;NA;NA;100936.25;NA;NA;NA;NA
327;21:31:05;651890;R;NA;21.20;NA;NA;NA;NA;NA
328;21:31:05;651904;R;NA;21.20;NA;NA;NA;NA;NA
329;21:31:05;651906;R;NA;NA;100938.00;NA;NA;NA;NA
330;21:31:05;651953;R;NA;21.26;NA;NA;NA;NA;NA
331;21:31:05;651965;R;NA;21.30;NA;NA;NA;NA;NA
332;21:31:05;651968;R;NA;NA;100939.25;NA;NA;NA;NA
333;21:31:05;652014;R;NA;21.31;NA;NA;NA;NA;NA
334;21:31:05;652027;R;NA;21.28;NA;NA;NA;NA;NA
335;21:31:05;652029;R;NA;NA;100938.50;NA;NA;NA;NA
336;21:31:05;652076;R;NA;21.23;NA;NA;NA;NA;NA
337;21:31:05;652079;R;NA;NA;100940.50;NA;NA;NA;NA
338;21:31:05;652125;R;NA;21.26;NA;NA;NA;NA;NA
339;21:31:05;652138;R;NA;21.23;NA;NA;NA;NA;NA
340;21:31:05;652140;R;NA;NA;100939.00;NA;NA;NA;NA
341;21:31:05;652187;R;NA;21.19;NA;NA;NA;NA;NA
342;21:31:05;652199;R;NA;21.16;NA;NA;NA;NA;NA
343;21:31:05;652203;R;NA;NA;100937.50;NA;NA;NA;NA
344;21:31:05;652249;R;NA;21.11;NA;NA;NA;NA;NA
345;21:31:05;652252;R;NA;NA;100938.75;NA;NA;NA;NA
346;21:31:05;652298;R;NA;21.15;NA;NA;NA;NA;NA
347;21:31:05;652310;R;NA;21.11;NA;NA;NA;NA;NA
348;21:31:05;652313;R;NA;NA;100939.25;NA;NA;NA;NA
349;21:31:05;652359;R;NA;21.09;NA;NA;NA;NA;NA
350;21:31:05;652372;R;NA;21.26;NA;NA;NA;NA;NA
351;21:31:05;652376;R;NA;NA;100939.75;NA;NA;NA;NA
352;21:31:05;652422;R;NA;21.17;NA;NA;NA;NA;NA
353;21:31:05;652424;R;NA;NA;100941.50;NA;NA;NA;NA
354;21:31:05;652471;R;NA;21.05;NA;NA;NA;NA;NA
355;21:31:05;652483;R;NA;21.54;NA;NA;NA;NA;NA
356;21:31:05;652486;R;NA;NA;100940.25;NA;NA;NA;NA
357;21:31:05;652532;R;NA;21.98;NA;NA;NA;NA;NA
358;21:31:05;652545;R;NA;21.84;NA;NA;NA;NA;NA
359;21:31:05;652548;R;NA;NA;100937.50;NA;NA;NA;NA
360;21:31:05;652594;R;NA;21.83;NA;NA;NA;NA;NA
361;21:31:06;652607;R;NA;21.56;NA;NA;NA;NA;NA
362;21:31:06;652609;R;NA;NA;100937.00;NA;NA;NA;NA
363;21:31:06;652656;R;NA;21.05;NA;NA;NA;NA;NA
364;21:31:06;652668;R;NA;21.14;NA;NA;NA;NA;NA
365;21:31:06;652672;R;NA;NA;100936.00;NA;NA;NA;NA
366;21:31:06;652718;R;NA;21.38;NA;NA;NA;NA;NA
367;21:31:06;652721;R;NA;NA;100935.75;NA;NA;NA;NA
368;21:31:06;652767;R;NA;21.27;NA;NA;NA;NA;NA
369;21:31:06;652779;R;NA;21.13;NA;NA;NA;NA;NA
370;21:31:06;652782;R;NA;NA;100937.25;NA;NA;NA;NA
371;21:31:06;652828;R;NA;21.20;NA;NA;NA;NA;NA
372;21:31:06;652841;R;NA;21.19;NA;NA;NA;NA;NA
373;21:31:06;652844;R;NA;NA;100938.00;NA;NA;NA;NA
374;21:31:06;652891;R;NA;21.15;NA;NA;NA;NA;NA
375;21:31:06;652903;R;NA;21.22;NA;NA;NA;NA;NA
376;21:31:06;652906;R;NA;NA;100938.25;NA;NA;NA;NA
377;21:31:06;652952;R;NA;21.28;NA;NA;NA;NA;NA
378;21:31:06;652965;R;NA;21.23;NA;NA;NA;NA;NA
379;21:31:06;652967;R;NA;NA;100938.00;NA;NA;NA;NA
380;21:31:06;653014;R;NA;21.18;NA;NA;NA;NA;NA
381;21:31:06;653017;R;NA;NA;100937.75;NA;NA;NA;NA
382;21:31:06;653063;R;NA;21.16;NA;NA;NA;NA;NA
383;21:31:06;653076;R;NA;21.13;NA;NA;NA;NA;NA
384;21:31:06;653078;R;NA;NA;100937.50;NA;NA;NA;NA
385;21:31:06;653125;R;NA;21.13;NA;NA;NA;NA;NA
386;21:31:06;653137;R;NA;21.09;NA;NA;NA;NA;NA
387;21:31:06;653140;R;NA;NA;100936.75;NA;NA;NA;NA
388;21:31:06;653187;R;NA;21.02;NA;NA;NA;NA;NA
389;21:31:06;653190;R;NA;NA;100938.25;NA;NA;NA;NA
390;21:31:06;653236;R;NA;20.99;NA;NA;NA;NA;NA
391;21:31:06;653248;R;NA;21.06;NA;NA;NA;NA;NA
392;21:31:06;653251;R;NA;NA;100937.75;NA;NA;NA;NA
393;21:31:06;653297;R;NA;21.17;NA;NA;NA;NA;NA
394;21:31:06;653310;R;NA;21.38;NA;NA;NA;NA;NA
395;21:31:06;653313;R;NA;NA;100937.25;NA;NA;NA;NA
396;21:31:06;653360;R;NA;21.59;NA;NA;NA;NA;NA
397;21:31:06;653372;R;NA;21.60;NA;NA;NA;NA;NA
398;21:31:06;653375;R;NA;NA;100938.75;NA;NA;NA;NA
399;21:31:06;653421;R;NA;21.60;NA;NA;NA;NA;NA
400;21:31:06;653434;R;NA;21.77;NA;NA;NA;NA;NA
401;21:31:06;653436;R;NA;NA;100939.50;NA;NA;NA;NA
402;21:31:06;653483;R;NA;22.36;NA;NA;NA;NA;NA
403;21:31:06;653486;R;NA;NA;100941.25;NA;NA;NA;NA
404;21:31:06;653532;R;NA;22.21;NA;NA;NA;NA;NA
405;21:31:06;653545;R;NA;21.95;NA;NA;NA;NA;NA
406;21:31:06;653547;R;NA;NA;100943.00;NA;NA;NA;NA
407;21:31:06;653594;R;NA;21.46;NA;NA;NA;NA;NA
408;21:31:06;653606;R;NA;20.85;NA;NA;NA;NA;NA
409;21:31:06;653609;R;NA;NA;100943.00;NA;NA;NA;NA
410;21:31:06;653656;R;NA;21.35;NA;NA;NA;NA;NA
411;21:31:06;653659;R;NA;NA;100941.75;NA;NA;NA;NA
412;21:31:07;653705;R;NA;22.13;NA;NA;NA;NA;NA
413;21:31:07;653717;R;NA;22.10;NA;NA;NA;NA;NA
414;21:31:07;653720;R;NA;NA;100941.00;NA;NA;NA;NA
415;21:31:07;653766;R;NA;21.81;NA;NA;NA;NA;NA
416;21:31:07;653779;R;NA;21.87;NA;NA;NA;NA;NA
417;21:31:07;653782;R;NA;NA;100938.25;NA;NA;NA;NA
418;21:31:07;653829;R;NA;22.11;NA;NA;NA;NA;NA
419;21:31:07;653841;R;NA;22.12;NA;NA;NA;NA;NA
420;21:31:07;653844;R;NA;NA;100937.75;NA;NA;NA;NA
421;21:31:07;653890;R;NA;22.05;NA;NA;NA;NA;NA
422;21:31:07;653902;R;NA;21.53;NA;NA;NA;NA;NA
423;21:31:07;653905;R;NA;NA;100937.75;NA;NA;NA;NA
424;21:31:07;653952;R;NA;20.76;NA;NA;NA;NA;NA
425;21:31:07;653955;R;NA;NA;100936.75;NA;NA;NA;NA
426;21:31:07;654001;R;NA;21.51;NA;NA;NA;NA;NA
427;21:31:07;654014;R;NA;21.53;NA;NA;NA;NA;NA
428;21:31:07;654016;R;NA;NA;100936.50;NA;NA;NA;NA
429;21:31:07;654063;R;NA;21.39;NA;NA;NA;NA;NA
430;21:31:07;654075;R;NA;21.27;NA;NA;NA;NA;NA
431;21:31:07;654078;R;NA;NA;100936.25;NA;NA;NA;NA
432;21:31:07;654125;R;NA;20.73;NA;NA;NA;NA;NA
433;21:31:07;654128;R;NA;NA;100936.25;NA;NA;NA;NA
434;21:31:07;654174;R;NA;21.18;NA;NA;NA;NA;NA
435;21:31:07;654186;R;NA;21.15;NA;NA;NA;NA;NA
436;21:31:07;654189;R;NA;NA;100937.50;NA;NA;NA;NA
437;21:31:07;654235;R;NA;NA;NA;NA;NA;880;NA
438;21:31:07;654236;R;NA;21.03;NA;NA;NA;NA;NA
439;21:31:07;654248;R;NA;20.96;NA;NA;NA;NA;NA
440;21:31:07;654252;R;NA;NA;100940.00;NA;NA;NA;NA
441;21:31:07;654298;R;NA;20.85;NA;NA;NA;NA;NA
442;21:31:07;654301;R;NA;NA;100940.50;NA;NA;NA;NA
443;21:31:07;654347;R;NA;21.44;NA;NA;NA;NA;NA
444;21:31:07;654360;R;NA;21.41;NA;NA;NA;NA;NA
445;21:31:07;654362;R;NA;NA;100940.75;NA;NA;NA;NA
446;21:31:07;654408;R;NA;21.30;NA;NA;NA;NA;NA
447;21:31:07;654422;R;NA;21.40;NA;NA;NA;NA;NA
448;21:31:07;654425;R;NA;NA;100940.50;NA;NA;NA;NA
449;21:31:07;654471;R;NA;21.39;NA;NA;NA;NA;NA
450;21:31:07;654483;R;NA;21.47;NA;NA;NA;NA;NA
451;21:31:07;654486;R;NA;NA;100938.75;NA;NA;NA;NA
452;21:31:07;654532;R;NA;21.42;NA;NA;NA;NA;NA
453;21:31:07;654545;R;NA;21.10;NA;NA;NA;NA;NA
454;21:31:07;654547;R;NA;NA;100938.00;NA;NA;NA;NA
455;21:31:07;654595;R;NA;20.78;NA;NA;NA;NA;NA
456;21:31:07;654597;R;NA;NA;100937.75;NA;NA;NA;NA
457;21:31:07;654643;R;NA;21.22;NA;NA;NA;NA;NA
458;21:31:07;654656;R;NA;21.36;NA;NA;NA;NA;NA
459;21:31:07;654659;R;NA;NA;100936.00;NA;NA;NA;NA
460;21:31:07;654705;R;NA;21.31;NA;NA;NA;NA;NA
461;21:31:07;654717;R;NA;21.27;NA;NA;NA;NA;NA
462;21:31:07;654721;R;NA;NA;100937.50;NA;NA;NA;NA
463;21:31:08;654767;R;NA;21.05;NA;NA;NA;NA;NA
464;21:31:08;654770;R;NA;NA;100938.50;NA;NA;NA;NA
465;21:31:08;654816;R;NA;21.20;NA;NA;NA;NA;NA
466;21:31:08;654829;R;NA;21.40;NA;NA;NA;NA;NA
467;21:31:08;654831;R;NA;NA;100938.50;NA;NA;NA;NA
468;21:31:08;654877;R;NA;21.46;NA;NA;NA;NA;NA
469;21:31:08;654891;R;NA;21.39;NA;NA;NA;NA;NA
470;21:31:08;654894;R;NA;NA;100939.25;NA;NA;NA;NA
471;21:31:08;654940;R;NA;21.29;NA;NA;NA;NA;NA
472;21:31:08;654952;R;NA;21.26;NA;NA;NA;NA;NA
473;21:31:08;654955;R;NA;NA;100939.00;NA;NA;NA;NA
474;21:31:08;655001;R;NA;21.26;NA;NA;NA;NA;NA
475;21:31:08;655014;R;NA;21.29;NA;NA;NA;NA;NA
476;21:31:08;655016;R;NA;NA;100937.00;NA;NA;NA;NA
477;21:31:08;655064;R;NA;21.31;NA;NA;NA;NA;NA
478;21:31:08;655076;R;NA;21.29;NA;NA;NA;NA;NA
479;21:31:08;655079;R;NA;NA;100936.50;NA;NA;NA;NA
480;21:31:08;655125;R;NA;21.27;NA;NA;NA;NA;NA
481;21:31:08;655138;R;NA;21.28;NA;NA;NA;NA;NA
482;21:31:08;655140;R;NA;NA;100936.25;NA;NA;NA;NA
483;21:31:08;655186;R;NA;21.30;NA;NA;NA;NA;NA
484;21:31:08;655200;R;NA;21.31;NA;NA;NA;NA;NA
485;21:31:08;655203;R;NA;NA;100935.75;NA;NA;NA;NA
486;21:31:08;655249;R;NA;21.31;NA;NA;NA;NA;NA
487;21:31:08;655261;R;NA;21.30;NA;NA;NA;NA;NA
488;21:31:08;655264;R;NA;NA;100938.25;NA;NA;NA;NA
489;21:31:08;655310;R;NA;21.29;NA;NA;NA;NA;NA
490;21:31:08;655324;R;NA;21.29;NA;NA;NA;NA;NA
491;21:31:08;655326;R;NA;NA;100941.25;NA;NA;NA;NA
492;21:31:08;655373;R;NA;21.29;NA;NA;NA;NA;NA
493;21:31:08;655385;R;NA;21.28;NA;NA;NA;NA;NA
494;21:31:08;655388;R;NA;NA;100942.50;NA;NA;NA;NA
495;21:31:08;655434;R;NA;21.27;NA;NA;NA;NA;NA
496;21:31:08;655447;R;NA;21.29;NA;NA;NA;NA;NA
497;21:31:08;655450;R;NA;NA;100941.75;NA;NA;NA;NA
498;21:31:08;655496;R;NA;21.30;NA;NA;NA;NA;NA
499;21:31:08;655509;R;NA;21.30;NA;NA;NA;NA;NA
500;21:31:08;655512;R;NA;NA;100940.25;NA;NA;NA;NA
501;21:31:08;655558;R;NA;21.29;NA;NA;NA;NA;NA
502;21:31:08;655570;R;NA;21.29;NA;NA;NA;NA;NA
503;21:31:08;655574;R;NA;NA;100938.50;NA;NA;NA;NA
504;21:31:08;655620;R;NA;21.29;NA;NA;NA;NA;NA
505;21:31:08;655623;R;NA;NA;100937.75;NA;NA;NA;NA
506;21:31:08;655669;R;NA;21.29;NA;NA;NA;NA;NA
507;21:31:08;655682;R;NA;21.29;NA;NA;NA;NA;NA
508;21:31:08;655684;R;NA;NA;100938.75;NA;NA;NA;NA
509;21:31:09;655730;R;NA;21.28;NA;NA;NA;NA;NA
510;21:31:09;655744;R;NA;21.28;NA;NA;NA;NA;NA
511;21:31:09;655747;R;NA;NA;100940.00;NA;NA;NA;NA
512;21:31:09;655793;R;NA;21.28;NA;NA;NA;NA;NA
513;21:31:09;655805;R;NA;21.29;NA;NA;NA;NA;NA
514;21:31:09;655808;R;NA;NA;100940.00;NA;NA;NA;NA
515;21:31:09;655854;R;NA;21.30;NA;NA;NA;NA;NA
516;21:31:09;655867;R;NA;21.30;NA;NA;NA;NA;NA
517;21:31:09;655869;R;NA;NA;100941.50;NA;NA;NA;NA
518;21:31:09;655916;R;NA;21.30;NA;NA;NA;NA;NA
519;21:31:09;655929;R;NA;21.30;NA;NA;NA;NA;NA
520;21:31:09;655932;R;NA;NA;100942.00;NA;NA;NA;NA
521;21:31:09;655978;R;NA;21.30;NA;NA;NA;NA;NA
522;21:31:09;655990;R;NA;21.29;NA;NA;NA;NA;NA
523;21:31:09;655993;R;NA;NA;100941.25;NA;NA;NA;NA
524;21:31:09;656039;R;NA;21.29;NA;NA;NA;NA;NA
525;21:31:09;656053;R;NA;21.28;NA;NA;NA;NA;NA
526;21:31:09;656055;R;NA;NA;100941.25;NA;NA;NA;NA
527;21:31:09;656102;R;NA;21.27;NA;NA;NA;NA;NA
528;21:31:09;656114;R;NA;21.27;NA;NA;NA;NA;NA
529;21:31:09;656117;R;NA;NA;100939.00;NA;NA;NA;NA
530;21:31:09;656163;R;NA;21.27;NA;NA;NA;NA;NA
531;21:31:10;656176;R;NA;21.28;NA;NA;NA;NA;NA
532;21:31:10;656179;R;NA;NA;100938.00;NA;NA;NA;NA
533;21:31:10;656225;R;NA;21.29;NA;NA;NA;NA;NA
534;21:31:10;656238;R;NA;21.29;NA;NA;NA;NA;NA
535;21:31:10;656241;R;NA;NA;100936.75;NA;NA;NA;NA
536;21:31:10;656287;R;NA;21.29;NA;NA;NA;NA;NA
537;21:31:10;656300;R;NA;21.29;NA;NA;NA;NA;NA
538;21:31:10;656303;R;NA;NA;100935.75;NA;NA;NA;NA
539;21:31:10;656349;R;NA;21.28;NA;NA;NA;NA;NA
540;21:31:10;656362;R;NA;21.29;NA;NA;NA;NA;NA
541;21:31:10;656364;R;NA;NA;100937.50;NA;NA;NA;NA
542;21:31:10;656410;R;NA;21.29;NA;NA;NA;NA;NA
543;21:31:10;656423;R;NA;21.28;NA;NA;NA;NA;NA
544;21:31:10;656427;R;NA;NA;100937.25;NA;NA;NA;NA
545;21:31:10;656473;R;NA;21.28;NA;NA;NA;NA;NA
546;21:31:10;656476;R;NA;NA;100938.50;NA;NA;NA;NA
547;21:31:10;656522;R;NA;21.28;NA;NA;NA;NA;NA
548;21:31:10;656534;R;NA;21.29;NA;NA;NA;NA;NA
549;21:31:10;656537;R;NA;NA;100939.50;NA;NA;NA;NA
550;21:31:10;656583;R;NA;21.29;NA;NA;NA;NA;NA
551;21:31:10;656596;R;NA;21.30;NA;NA;NA;NA;NA
552;21:31:10;656599;R;NA;NA;100939.50;NA;NA;NA;NA
553;21:31:10;656645;R;NA;21.29;NA;NA;NA;NA;NA
554;21:31:10;656658;R;NA;21.28;NA;NA;NA;NA;NA
555;21:31:10;656661;R;NA;NA;100939.00;NA;NA;NA;NA
556;21:31:10;656707;R;NA;21.28;NA;NA;NA;NA;NA
557;21:31:10;656719;R;NA;21.28;NA;NA;NA;NA;NA
558;21:31:10;656722;R;NA;NA;100938.25;NA;NA;NA;NA
559;21:31:10;656769;R;NA;21.28;NA;NA;NA;NA;NA
560;21:31:10;656772;R;NA;NA;100938.00;NA;NA;NA;NA
561;21:31:10;656818;R;NA;21.28;NA;NA;NA;NA;NA
562;21:31:10;656831;R;NA;21.28;NA;NA;NA;NA;NA
563;21:31:10;656833;R;NA;NA;100937.25;NA;NA;NA;NA
564;21:31:10;656879;R;NA;21.29;NA;NA;NA;NA;NA
565;21:31:10;656892;R;NA;21.29;NA;NA;NA;NA;NA
566;21:31:10;656896;R;NA;NA;100939.00;NA;NA;NA;NA
567;21:31:10;656942;R;NA;21.29;NA;NA;NA;NA;NA
568;21:31:10;656944;R;NA;NA;100939.00;NA;NA;NA;NA
569;21:31:10;656991;R;NA;21.29;NA;NA;NA;NA;NA
570;21:31:10;657003;R;NA;21.28;NA;NA;NA;NA;NA
571;21:31:10;657006;R;NA;NA;100938.25;NA;NA;NA;NA
572;21:31:10;657052;R;NA;21.28;NA;NA;NA;NA;NA
573;21:31:10;657064;R;NA;21.28;NA;NA;NA;NA;NA
574;21:31:10;657068;R;NA;NA;100936.50;NA;NA;NA;NA
575;21:31:10;657114;R;NA;21.28;NA;NA;NA;NA;NA
576;21:31:10;657117;R;NA;NA;100934.00;NA;NA;NA;NA
577;21:31:10;657163;R;NA;21.28;NA;NA;NA;NA;NA
578;21:31:10;657176;R;NA;21.28;NA;NA;NA;NA;NA
579;21:31:10;657178;R;NA;NA;100934.25;NA;NA;NA;NA
580;21:31:10;657225;R;NA;21.29;NA;NA;NA;NA;NA
581;21:31:10;657238;R;NA;21.29;NA;NA;NA;NA;NA
582;21:31:10;657241;R;NA;NA;100934.00;NA;NA;NA;NA
583;21:31:10;657287;R;NA;21.29;NA;NA;NA;NA;NA
584;21:31:10;657299;R;NA;21.29;NA;NA;NA;NA;NA
585;21:31:10;657302;R;NA;NA;100935.75;NA;NA;NA;NA
586;21:31:10;657348;R;NA;21.29;NA;NA;NA;NA;NA
587;21:31:10;657361;R;NA;21.28;NA;NA;NA;NA;NA
588;21:31:10;657363;R;NA;NA;100937.00;NA;NA;NA;NA
589;21:31:10;657411;R;NA;21.28;NA;NA;NA;NA;NA
590;21:31:10;657423;R;NA;21.28;NA;NA;NA;NA;NA
591;21:31:10;657426;R;NA;NA;100936.50;NA;NA;NA;NA
592;21:31:10;657472;R;NA;21.28;NA;NA;NA;NA;NA
593;21:31:10;657484;R;NA;21.28;NA;NA;NA;NA;NA
594;21:31:10;657487;R;NA;NA;100936.25;NA;NA;NA;NA
595;21:31:10;657533;R;NA;21.29;NA;NA;NA;NA;NA
596;21:31:10;657547;R;NA;21.29;NA;NA;NA;NA;NA
597;21:31:10;657550;R;NA;NA;100935.25;NA;NA;NA;NA
598;21:31:10;657596;R;NA;21.29;NA;NA;NA;NA;NA
599;21:31:10;657608;R;NA;21.28;NA;NA;NA;NA;NA
600;21:31:10;657611;R;NA;NA;100935.50;NA;NA;NA;NA
601;21:31:10;657657;R;NA;21.28;NA;NA;NA;NA;NA
602;21:31:10;657671;R;NA;21.28;NA;NA;NA;NA;NA
603;21:31:10;657673;R;NA;NA;100936.25;NA;NA;NA;NA
604;21:31:11;657719;R;NA;21.28;NA;NA;NA;NA;NA
605;21:31:11;657732;R;NA;21.28;NA;NA;NA;NA;NA
606;21:31:11;657735;R;NA;NA;100937.00;NA;NA;NA;NA
607;21:31:11;657781;R;NA;21.28;NA;NA;NA;NA;NA
608;21:31:11;657794;R;NA;21.28;NA;NA;NA;NA;NA
609;21:31:11;657797;R;NA;NA;100937.00;NA;NA;NA;NA
610;21:31:11;657843;R;NA;21.28;NA;NA;NA;NA;NA
611;21:31:11;657856;R;NA;21.29;NA;NA;NA;NA;NA
612;21:31:11;657858;R;NA;NA;100935.75;NA;NA;NA;NA
613;21:31:11;657905;R;NA;21.30;NA;NA;NA;NA;NA
614;21:31:11;657917;R;NA;21.30;NA;NA;NA;NA;NA
615;21:31:11;657921;R;NA;NA;100934.50;NA;NA;NA;NA
616;21:31:11;657967;R;NA;21.30;NA;NA;NA;NA;NA
617;21:31:11;657970;R;NA;NA;100935.00;NA;NA;NA;NA
618;21:31:11;658016;R;NA;21.29;NA;NA;NA;NA;NA
619;21:31:11;658028;R;NA;21.28;NA;NA;NA;NA;NA
620;21:31:11;658031;R;NA;NA;100933.75;NA;NA;NA;NA
621;21:31:11;658077;R;NA;21.28;NA;NA;NA;NA;NA
622;21:31:11;658091;R;NA;21.28;NA;NA;NA;NA;NA
623;21:31:11;658093;R;NA;NA;100934.25;NA;NA;NA;NA
624;21:31:11;658140;R;NA;21.28;NA;NA;NA;NA;NA
625;21:31:11;658152;R;NA;21.29;NA;NA;NA;NA;NA
626;21:31:11;658155;R;NA;NA;100934.75;NA;NA;NA;NA
627;21:31:11;658201;R;NA;21.29;NA;NA;NA;NA;NA
628;21:31:11;658213;R;NA;21.29;NA;NA;NA;NA;NA
629;21:31:11;658216;R;NA;NA;100934.50;NA;NA;NA;NA
630;21:31:11;658263;R;NA;21.30;NA;NA;NA;NA;NA
631;21:31:11;658266;R;NA;NA;100935.00;NA;NA;NA;NA
632;21:31:11;658312;R;NA;21.30;NA;NA;NA;NA;NA
633;21:31:11;658325;R;NA;21.29;NA;NA;NA;NA;NA
634;21:31:11;658327;R;NA;NA;100936.00;NA;NA;NA;NA
635;21:31:11;658373;R;NA;21.29;NA;NA;NA;NA;NA
636;21:31:11;658386;R;NA;21.28;NA;NA;NA;NA;NA
637;21:31:11;658390;R;NA;NA;100936.50;NA;NA;NA;NA
638;21:31:11;658436;R;NA;21.27;NA;NA;NA;NA;NA
639;21:31:11;658438;R;NA;NA;100935.25;NA;NA;NA;NA
640;21:31:11;658485;R;NA;21.28;NA;NA;NA;NA;NA
641;21:31:11;658497;R;NA;21.29;NA;NA;NA;NA;NA
642;21:31:11;658500;R;NA;NA;100937.50;NA;NA;NA;NA
643;21:31:11;658546;R;NA;21.29;NA;NA;NA;NA;NA
644;21:31:11;658560;R;NA;21.29;NA;NA;NA;NA;NA
645;21:31:11;658562;R;NA;NA;100936.75;NA;NA;NA;NA
646;21:31:11;658608;R;NA;21.29;NA;NA;NA;NA;NA
647;21:31:11;658611;R;NA;NA;100937.25;NA;NA;NA;NA
648;21:31:11;658657;R;NA;21.29;NA;NA;NA;NA;NA
649;21:31:11;658670;R;NA;21.29;NA;NA;NA;NA;NA
650;21:31:11;658672;R;NA;NA;100938.00;NA;NA;NA;NA
651;21:31:12;658719;R;NA;21.29;NA;NA;NA;NA;NA
652;21:31:12;658732;R;NA;21.28;NA;NA;NA;NA;NA
653;21:31:12;658735;R;NA;NA;100937.75;NA;NA;NA;NA
654;21:31:12;658781;R;NA;21.28;NA;NA;NA;NA;NA
655;21:31:12;658794;R;NA;21.28;NA;NA;NA;NA;NA
656;21:31:12;658796;R;NA;NA;100938.75;NA;NA;NA;NA
657;21:31:12;658842;R;NA;21.28;NA;NA;NA;NA;NA
658;21:31:12;658855;R;NA;21.28;NA;NA;NA;NA;NA
659;21:31:12;658859;R;NA;NA;100937.00;NA;NA;NA;NA
660;21:31:12;658905;R;NA;21.29;NA;NA;NA;NA;NA
661;21:31:12;658908;R;NA;NA;100938.50;NA;NA;NA;NA
662;21:31:12;658954;R;NA;21.30;NA;NA;NA;NA;NA
663;21:31:12;658966;R;NA;21.29;NA;NA;NA;NA;NA
664;21:31:12;658969;R;NA;NA;100937.50;NA;NA;NA;NA
665;21:31:12;659015;R;NA;21.31;NA;NA;NA;NA;NA
666;21:31:12;659028;R;NA;21.31;NA;NA;NA;NA;NA
667;21:31:12;659031;R;NA;NA;100937.00;NA;NA;NA;NA
668;21:31:12;659078;R;NA;21.32;NA;NA;NA;NA;NA
669;21:31:12;659090;R;NA;21.32;NA;NA;NA;NA;NA
670;21:31:12;659093;R;NA;NA;100937.50;NA;NA;NA;NA
671;21:31:12;659139;R;NA;21.31;NA;NA;NA;NA;NA
672;21:31:12;659151;R;NA;21.31;NA;NA;NA;NA;NA
673;21:31:12;659154;R;NA;NA;100937.00;NA;NA;NA;NA
674;21:31:12;659201;R;NA;21.30;NA;NA;NA;NA;NA
675;21:31:12;659204;R;NA;NA;100939.00;NA;NA;NA;NA
676;21:31:12;659250;R;NA;NA;NA;NA;NA;880;NA
677;21:31:12;659251;R;NA;21.30;NA;NA;NA;NA;NA
678;21:31:12;659263;R;NA;21.29;NA;NA;NA;NA;NA
679;21:31:12;659266;R;NA;NA;100939.75;NA;NA;NA;NA
680;21:31:12;659312;R;NA;21.29;NA;NA;NA;NA;NA
681;21:31:12;659325;R;NA;21.28;NA;NA;NA;NA;NA
682;21:31:12;659328;R;NA;NA;100940.25;NA;NA;NA;NA
683;21:31:12;659375;R;NA;21.28;NA;NA;NA;NA;NA
684;21:31:12;659387;R;NA;21.27;NA;NA;NA;NA;NA
685;21:31:12;659390;R;NA;NA;100939.00;NA;NA;NA;NA
686;21:31:12;659436;R;NA;21.27;NA;NA;NA;NA;NA
687;21:31:12;659448;R;NA;21.28;NA;NA;NA;NA;NA
688;21:31:12;659451;R;NA;NA;100935.25;NA;NA;NA;NA
689;21:31:12;659497;R;NA;21.28;NA;NA;NA;NA;NA
690;21:31:12;659511;R;NA;21.29;NA;NA;NA;NA;NA
691;21:31:12;659513;R;NA;NA;100933.25;NA;NA;NA;NA
692;21:31:12;659560;R;NA;21.28;NA;NA;NA;NA;NA
693;21:31:12;659572;R;NA;21.28;NA;NA;NA;NA;NA
694;21:31:12;659575;R;NA;NA;100933.50;NA;NA;NA;NA
695;21:31:12;659621;R;NA;21.28;NA;NA;NA;NA;NA
696;21:31:12;659635;R;NA;21.28;NA;NA;NA;NA;NA
697;21:31:12;659637;R;NA;NA;100932.75;NA;NA;NA;NA
698;21:31:12;659683;R;NA;21.29;NA;NA;NA;NA;NA
699;21:31:12;659696;R;NA;21.28;NA;NA;NA;NA;NA
700;21:31:12;659699;R;NA;NA;100934.00;NA;NA;NA;NA
701;21:31:13;659745;R;NA;21.28;NA;NA;NA;NA;NA
702;21:31:13;659758;R;NA;21.28;NA;NA;NA;NA;NA
703;21:31:13;659761;R;NA;NA;100934.75;NA;NA;NA;NA
704;21:31:13;659807;R;NA;21.29;NA;NA;NA;NA;NA
705;21:31:13;659820;R;NA;21.28;NA;NA;NA;NA;NA
706;21:31:13;659822;R;NA;NA;100934.75;NA;NA;NA;NA
707;21:31:13;659869;R;NA;21.29;NA;NA;NA;NA;NA
708;21:31:13;659881;R;NA;21.28;NA;NA;NA;NA;NA
709;21:31:13;659885;R;NA;NA;100936.00;NA;NA;NA;NA
710;21:31:13;659931;R;NA;21.28;NA;NA;NA;NA;NA
711;21:31:13;659934;R;NA;NA;100936.75;NA;NA;NA;NA
712;21:31:13;659980;R;NA;21.29;NA;NA;NA;NA;NA
713;21:31:13;659992;R;NA;21.28;NA;NA;NA;NA;NA
714;21:31:13;659995;R;NA;NA;100936.25;NA;NA;NA;NA
715;21:31:13;660041;R;NA;21.29;NA;NA;NA;NA;NA
716;21:31:13;660055;R;NA;21.29;NA;NA;NA;NA;NA
717;21:31:13;660057;R;NA;NA;100935.00;NA;NA;NA;NA
718;21:31:13;660103;R;NA;21.28;NA;NA;NA;NA;NA
719;21:31:13;660116;R;NA;21.29;NA;NA;NA;NA;NA
720;21:31:13;660119;R;NA;NA;100933.50;NA;NA;NA;NA
721;21:31:13;660165;R;NA;21.28;NA;NA;NA;NA;NA
722;21:31:13;660177;R;NA;21.29;NA;NA;NA;NA;NA
723;21:31:13;660180;R;NA;NA;100931.50;NA;NA;NA;NA
724;21:31:13;660227;R;NA;21.30;NA;NA;NA;NA;NA
725;21:31:13;660230;R;NA;NA;100933.00;NA;NA;NA;NA
726;21:31:13;660276;R;NA;21.30;NA;NA;NA;NA;NA
727;21:31:13;660289;R;NA;21.30;NA;NA;NA;NA;NA
728;21:31:13;660291;R;NA;NA;100934.75;NA;NA;NA;NA
729;21:31:13;660337;R;NA;21.30;NA;NA;NA;NA;NA
730;21:31:13;660350;R;NA;21.29;NA;NA;NA;NA;NA
731;21:31:13;660354;R;NA;NA;100937.75;NA;NA;NA;NA
732;21:31:13;660400;R;NA;21.29;NA;NA;NA;NA;NA
733;21:31:13;660402;R;NA;NA;100940.25;NA;NA;NA;NA
734;21:31:13;660449;R;NA;21.29;NA;NA;NA;NA;NA
735;21:31:13;660461;R;NA;21.29;NA;NA;NA;NA;NA
736;21:31:13;660464;R;NA;NA;100939.75;NA;NA;NA;NA
737;21:31:13;660510;R;NA;21.28;NA;NA;NA;NA;NA
738;21:31:13;660523;R;NA;21.28;NA;NA;NA;NA;NA
739;21:31:13;660526;R;NA;NA;100938.75;NA;NA;NA;NA
740;21:31:13;660572;R;NA;21.28;NA;NA;NA;NA;NA
741;21:31:13;660585;R;NA;21.28;NA;NA;NA;NA;NA
742;21:31:13;660588;R;NA;NA;100936.75;NA;NA;NA;NA
743;21:31:13;660634;R;NA;21.29;NA;NA;NA;NA;NA
744;21:31:14;660646;R;NA;21.29;NA;NA;NA;NA;NA
745;21:31:14;660649;R;NA;NA;100935.50;NA;NA;NA;NA
746;21:31:14;660696;R;NA;21.30;NA;NA;NA;NA;NA
747;21:31:14;660699;R;NA;NA;100933.00;NA;NA;NA;NA
748;21:31:14;660745;R;NA;21.29;NA;NA;NA;NA;NA
749;21:31:14;660757;R;NA;21.29;NA;NA;NA;NA;NA
750;21:31:14;660760;R;NA;NA;100932.75;NA;NA;NA;NA
751;21:31:14;660806;R;NA;21.29;NA;NA;NA;NA;NA
752;21:31:14;660819;R;NA;21.29;NA;NA;NA;NA;NA
753;21:31:14;660823;R;NA;NA;100932.50;NA;NA;NA;NA
754;21:31:14;660869;R;NA;21.29;NA;NA;NA;NA;NA
755;21:31:14;660872;R;NA;NA;100932.75;NA;NA;NA;NA
756;21:31:14;660918;R;NA;21.29;NA;NA;NA;NA;NA
757;21:31:14;660930;R;NA;21.29;NA;NA;NA;NA;NA
758;21:31:14;660933;R;NA;NA;100934.25;NA;NA;NA;NA
759;21:31:14;660979;R;NA;21.30;NA;NA;NA;NA;NA
760;21:31:14;660993;R;NA;21.30;NA;NA;NA;NA;NA
761;21:31:14;660995;R;NA;NA;100935.00;NA;NA;NA;NA
762;21:31:14;661041;R;NA;21.29;NA;NA;NA;NA;NA
763;21:31:14;661054;R;NA;21.29;NA;NA;NA;NA;NA
764;21:31:14;661057;R;NA;NA;100935.50;NA;NA;NA;NA
765;21:31:14;661103;R;NA;21.28;NA;NA;NA;NA;NA
766;21:31:14;661115;R;NA;21.28;NA;NA;NA;NA;NA
767;21:31:14;661118;R;NA;NA;100935.75;NA;NA;NA;NA
768;21:31:14;661165;R;NA;21.28;NA;NA;NA;NA;NA
769;21:31:14;661168;R;NA;NA;100936.50;NA;NA;NA;NA
770;21:31:14;661214;R;NA;21.28;NA;NA;NA;NA;NA
771;21:31:14;661226;R;NA;21.55;NA;NA;NA;NA;NA
772;21:31:14;661229;R;NA;NA;100936.75;NA;NA;NA;NA
773;21:31:14;661275;R;NA;21.35;NA;NA;NA;NA;NA
774;21:31:14;661288;R;NA;22.38;NA;NA;NA;NA;NA
775;21:31:14;661292;R;NA;NA;100937.50;NA;NA;NA;NA
776;21:31:14;661338;R;NA;23.21;NA;NA;NA;NA;NA
777;21:31:14;661340;R;NA;NA;100937.75;NA;NA;NA;NA
778;21:31:14;661387;R;NA;23.20;NA;NA;NA;NA;NA
779;21:31:14;661399;R;NA;23.53;NA;NA;NA;NA;NA
780;21:31:14;661402;R;NA;NA;100936.50;NA;NA;NA;NA
781;21:31:14;661448;R;NA;22.36;NA;NA;NA;NA;NA
782;21:31:14;661462;R;NA;21.25;NA;NA;NA;NA;NA
783;21:31:14;661464;R;NA;NA;100937.75;NA;NA;NA;NA
784;21:31:14;661510;R;NA;20.74;NA;NA;NA;NA;NA
785;21:31:14;661513;R;NA;NA;100936.50;NA;NA;NA;NA
786;21:31:14;661559;R;NA;20.65;NA;NA;NA;NA;NA
787;21:31:14;661572;R;NA;21.02;NA;NA;NA;NA;NA
788;21:31:14;661574;R;NA;NA;100937.00;NA;NA;NA;NA
789;21:31:14;661621;R;NA;21.51;NA;NA;NA;NA;NA
790;21:31:14;661634;R;NA;21.68;NA;NA;NA;NA;NA
791;21:31:14;661637;R;NA;NA;100937.50;NA;NA;NA;NA
792;21:31:14;661683;R;NA;21.53;NA;NA;NA;NA;NA
793;21:31:14;661695;R;NA;21.25;NA;NA;NA;NA;NA
794;21:31:14;661698;R;NA;NA;100938.25;NA;NA;NA;NA
795;21:31:15;661744;R;NA;21.06;NA;NA;NA;NA;NA
796;21:31:15;661757;R;NA;21.22;NA;NA;NA;NA;NA
797;21:31:15;661761;R;NA;NA;100939.25;NA;NA;NA;NA
798;21:31:15;661807;R;NA;21.39;NA;NA;NA;NA;NA
799;21:31:15;661809;R;NA;NA;100939.00;NA;NA;NA;NA
800;21:31:15;661856;R;NA;21.46;NA;NA;NA;NA;NA
801;21:31:15;661868;R;NA;21.66;NA;NA;NA;NA;NA
802;21:31:15;661871;R;NA;NA;100940.75;NA;NA;NA;NA
803;21:31:15;661917;R;NA;22.31;NA;NA;NA;NA;NA
804;21:31:15;661931;R;NA;24.15;NA;NA;NA;NA;NA
805;21:31:15;661933;R;NA;NA;100937.00;NA;NA;NA;NA
806;21:31:15;661979;R;NA;25.85;NA;NA;NA;NA;NA
807;21:31:15;661982;R;NA;NA;100936.50;NA;NA;NA;NA
808;21:31:15;662028;R;NA;26.27;NA;NA;NA;NA;NA
809;21:31:15;662041;R;NA;25.57;NA;NA;NA;NA;NA
810;21:31:15;662043;R;NA;NA;100935.75;NA;NA;NA;NA
811;21:31:15;662090;R;NA;23.70;NA;NA;NA;NA;NA
812;21:31:15;662103;R;NA;21.72;NA;NA;NA;NA;NA
813;21:31:15;662106;R;NA;NA;100935.50;NA;NA;NA;NA
814;21:31:15;662152;R;NA;20.87;NA;NA;NA;NA;NA
815;21:31:15;662165;R;NA;20.70;NA;NA;NA;NA;NA
816;21:31:15;662167;R;NA;NA;100936.50;NA;NA;NA;NA
817;21:31:15;662213;R;NA;20.63;NA;NA;NA;NA;NA
818;21:31:15;662226;R;NA;20.98;NA;NA;NA;NA;NA
819;21:31:15;662230;R;NA;NA;100936.75;NA;NA;NA;NA
820;21:31:15;662276;R;NA;21.31;NA;NA;NA;NA;NA
821;21:31:15;662278;R;NA;NA;100938.25;NA;NA;NA;NA
822;21:31:15;662325;R;NA;21.19;NA;NA;NA;NA;NA
823;21:31:15;662337;R;NA;23.16;NA;NA;NA;NA;NA
824;21:31:15;662340;R;NA;NA;100937.50;NA;NA;NA;NA
825;21:31:15;662386;R;NA;24.98;NA;NA;NA;NA;NA
826;21:31:15;662400;R;NA;25.74;NA;NA;NA;NA;NA
827;21:31:15;662402;R;NA;NA;100938.00;NA;NA;NA;NA
828;21:31:15;662448;R;NA;26.80;NA;NA;NA;NA;NA
829;21:31:15;662451;R;NA;NA;100937.75;NA;NA;NA;NA
830;21:31:15;662497;R;NA;25.22;NA;NA;NA;NA;NA
831;21:31:15;662510;R;NA;23.27;NA;NA;NA;NA;NA
832;21:31:15;662512;R;NA;NA;100936.00;NA;NA;NA;NA
833;21:31:15;662559;R;NA;22.28;NA;NA;NA;NA;NA
834;21:31:15;662572;R;NA;21.40;NA;NA;NA;NA;NA
835;21:31:15;662575;R;NA;NA;100936.25;NA;NA;NA;NA
836;21:31:15;662621;R;NA;20.92;NA;NA;NA;NA;NA
837;21:31:15;662634;R;NA;20.70;NA;NA;NA;NA;NA
838;21:31:15;662636;R;NA;NA;100937.00;NA;NA;NA;NA
839;21:31:15;662682;R;NA;20.52;NA;NA;NA;NA;NA
840;21:31:15;662695;R;NA;20.44;NA;NA;NA;NA;NA
841;21:31:15;662699;R;NA;NA;100937.75;NA;NA;NA;NA
842;21:31:16;662745;R;NA;20.52;NA;NA;NA;NA;NA
843;21:31:16;662747;R;NA;NA;100939.75;NA;NA;NA;NA
844;21:31:16;662794;R;NA;21.02;NA;NA;NA;NA;NA
845;21:31:16;662806;R;NA;21.43;NA;NA;NA;NA;NA
846;21:31:16;662809;R;NA;NA;100939.50;NA;NA;NA;NA
847;21:31:16;662855;R;NA;21.67;NA;NA;NA;NA;NA
848;21:31:16;662867;R;NA;21.64;NA;NA;NA;NA;NA
849;21:31:16;662871;R;NA;NA;100940.25;NA;NA;NA;NA
850;21:31:16;662917;R;NA;21.33;NA;NA;NA;NA;NA
851;21:31:16;662920;R;NA;NA;100940.50;NA;NA;NA;NA
852;21:31:16;662966;R;NA;21.11;NA;NA;NA;NA;NA
853;21:31:16;662979;R;NA;21.09;NA;NA;NA;NA;NA
854;21:31:16;662981;R;NA;NA;100939.75;NA;NA;NA;NA
855;21:31:16;663028;R;NA;21.21;NA;NA;NA;NA;NA
856;21:31:16;663041;R;NA;21.25;NA;NA;NA;NA;NA
857;21:31:16;663044;R;NA;NA;100939.75;NA;NA;NA;NA
858;21:31:16;663090;R;NA;21.30;NA;NA;NA;NA;NA
859;21:31:16;663102;R;NA;21.25;NA;NA;NA;NA;NA
860;21:31:16;663105;R;NA;NA;100938.50;NA;NA;NA;NA
861;21:31:16;663151;R;NA;21.22;NA;NA;NA;NA;NA
862;21:31:16;663164;R;NA;21.29;NA;NA;NA;NA;NA
863;21:31:16;663168;R;NA;NA;100937.50;NA;NA;NA;NA
864;21:31:16;663214;R;NA;21.36;NA;NA;NA;NA;NA
865;21:31:16;663216;R;NA;NA;100937.25;NA;NA;NA;NA
866;21:31:16;663263;R;NA;21.35;NA;NA;NA;NA;NA
867;21:31:16;663275;R;NA;21.31;NA;NA;NA;NA;NA
868;21:31:16;663278;R;NA;NA;100938.00;NA;NA;NA;NA
869;21:31:16;663324;R;NA;21.27;NA;NA;NA;NA;NA
870;21:31:16;663336;R;NA;21.26;NA;NA;NA;NA;NA
871;21:31:16;663340;R;NA;NA;100939.25;NA;NA;NA;NA
872;21:31:16;663386;R;NA;21.28;NA;NA;NA;NA;NA
873;21:31:16;663389;R;NA;NA;100940.00;NA;NA;NA;NA
874;21:31:16;663435;R;NA;21.24;NA;NA;NA;NA;NA
875;21:31:16;663448;R;NA;21.30;NA;NA;NA;NA;NA
876;21:31:16;663450;R;NA;NA;100940.00;NA;NA;NA;NA
877;21:31:16;663497;R;NA;21.32;NA;NA;NA;NA;NA
878;21:31:16;663510;R;NA;21.36;NA;NA;NA;NA;NA
879;21:31:16;663513;R;NA;NA;100940.00;NA;NA;NA;NA
880;21:31:16;663559;R;NA;21.46;NA;NA;NA;NA;NA
881;21:31:16;663571;R;NA;21.35;NA;NA;NA;NA;NA
882;21:31:16;663574;R;NA;NA;100938.25;NA;NA;NA;NA
883;21:31:16;663620;R;NA;21.23;NA;NA;NA;NA;NA
884;21:31:16;663633;R;NA;21.30;NA;NA;NA;NA;NA
885;21:31:16;663636;R;NA;NA;100938.00;NA;NA;NA;NA
886;21:31:16;663683;R;NA;21.32;NA;NA;NA;NA;NA
887;21:31:16;663685;R;NA;NA;100939.00;NA;NA;NA;NA
888;21:31:17;663732;R;NA;21.13;NA;NA;NA;NA;NA
889;21:31:17;663744;R;NA;21.23;NA;NA;NA;NA;NA
890;21:31:17;663747;R;NA;NA;100939.50;NA;NA;NA;NA
891;21:31:17;663793;R;NA;21.10;NA;NA;NA;NA;NA
892;21:31:17;663805;R;NA;21.14;NA;NA;NA;NA;NA
893;21:31:17;663809;R;NA;NA;100940.25;NA;NA;NA;NA
894;21:31:17;663855;R;NA;21.48;NA;NA;NA;NA;NA
895;21:31:17;663858;R;NA;NA;100938.25;NA;NA;NA;NA
896;21:31:17;663904;R;NA;21.40;NA;NA;NA;NA;NA
897;21:31:17;663917;R;NA;21.38;NA;NA;NA;NA;NA
898;21:31:17;663919;R;NA;NA;100937.00;NA;NA;NA;NA
899;21:31:17;663965;R;NA;21.29;NA;NA;NA;NA;NA
900;21:31:17;663979;R;NA;21.23;NA;NA;NA;NA;NA
901;21:31:17;663982;R;NA;NA;100935.00;NA;NA;NA;NA
902;21:31:17;664028;R;NA;21.32;NA;NA;NA;NA;NA
903;21:31:17;664040;R;NA;21.28;NA;NA;NA;NA;NA
904;21:31:17;664043;R;NA;NA;100935.00;NA;NA;NA;NA
905;21:31:17;664089;R;NA;21.22;NA;NA;NA;NA;NA
906;21:31:17;664102;R;NA;21.24;NA;NA;NA;NA;NA
907;21:31:17;664105;R;NA;NA;100936.75;NA;NA;NA;NA
908;21:31:17;664152;R;NA;21.27;NA;NA;NA;NA;NA
909;21:31:17;664154;R;NA;NA;100937.75;NA;NA;NA;NA
910;21:31:17;664201;R;NA;21.32;NA;NA;NA;NA;NA
911;21:31:17;664213;R;NA;21.38;NA;NA;NA;NA;NA
912;21:31:17;664216;R;NA;NA;100938.50;NA;NA;NA;NA
913;21:31:17;664262;R;NA;NA;NA;NA;NA;881;NA
914;21:31:17;664263;R;NA;21.32;NA;NA;NA;NA;NA
915;21:31:17;664275;R;NA;21.25;NA;NA;NA;NA;NA
916;21:31:17;664279;R;NA;NA;100939.25;NA;NA;NA;NA
917;21:31:17;664325;R;NA;21.24;NA;NA;NA;NA;NA
918;21:31:17;664328;R;NA;NA;100938.75;NA;NA;NA;NA
919;21:31:17;664374;R;NA;21.25;NA;NA;NA;NA;NA
920;21:31:17;664386;R;NA;21.30;NA;NA;NA;NA;NA
921;21:31:17;664389;R;NA;NA;100938.25;NA;NA;NA;NA
922;21:31:17;664435;R;NA;21.33;NA;NA;NA;NA;NA
923;21:31:17;664449;R;NA;21.29;NA;NA;NA;NA;NA
924;21:31:17;664451;R;NA;NA;100938.25;NA;NA;NA;NA
925;21:31:17;664498;R;NA;21.29;NA;NA;NA;NA;NA
926;21:31:17;664510;R;NA;21.30;NA;NA;NA;NA;NA
927;21:31:17;664513;R;NA;NA;100936.75;NA;NA;NA;NA
928;21:31:17;664559;R;NA;21.33;NA;NA;NA;NA;NA
929;21:31:17;664572;R;NA;21.33;NA;NA;NA;NA;NA
930;21:31:17;664574;R;NA;NA;100936.50;NA;NA;NA;NA
931;21:31:17;664621;R;NA;21.26;NA;NA;NA;NA;NA
932;21:31:17;664624;R;NA;NA;100936.50;NA;NA;NA;NA
933;21:31:17;664670;R;NA;21.21;NA;NA;NA;NA;NA
934;21:31:17;664683;R;NA;21.21;NA;NA;NA;NA;NA
935;21:31:17;664685;R;NA;NA;100937.25;NA;NA;NA;NA
936;21:31:18;664732;R;NA;21.26;NA;NA;NA;NA;NA
937;21:31:18;664744;R;NA;21.25;NA;NA;NA;NA;NA
938;21:31:18;664748;R;NA;NA;100937.75;NA;NA;NA;NA
939;21:31:18;664794;R;NA;21.22;NA;NA;NA;NA;NA
940;21:31:18;664797;R;NA;NA;100939.25;NA;NA;NA;NA
941;21:31:18;664843;R;NA;21.26;NA;NA;NA;NA;NA
942;21:31:18;664855;R;NA;21.25;NA;NA;NA;NA;NA
943;21:31:18;664858;R;NA;NA;100939.25;NA;NA;NA;NA
944;21:31:18;664904;R;NA;21.34;NA;NA;NA;NA;NA
945;21:31:18;664918;R;NA;21.35;NA;NA;NA;NA;NA
946;21:31:18;664920;R;NA;NA;100939.75;NA;NA;NA;NA
947;21:31:18;664967;R;NA;21.25;NA;NA;NA;NA;NA
948;21:31:18;664979;R;NA;21.25;NA;NA;NA;NA;NA
949;21:31:18;664982;R;NA;NA;100939.25;NA;NA;NA;NA
950;21:31:18;665028;R;NA;21.22;NA;NA;NA;NA;NA
951;21:31:18;665040;R;NA;21.23;NA;NA;NA;NA;NA
952;21:31:18;665043;R;NA;NA;100938.50;NA;NA;NA;NA
953;21:31:18;665090;R;NA;21.23;NA;NA;NA;NA;NA
954;21:31:18;665093;R;NA;NA;100938.25;NA;NA;NA;NA
955;21:31:18;665139;R;NA;21.26;NA;NA;NA;NA;NA
956;21:31:18;665152;R;NA;21.28;NA;NA;NA;NA;NA
957;21:31:18;665154;R;NA;NA;100938.00;NA;NA;NA;NA
958;21:31:18;665201;R;NA;21.31;NA;NA;NA;NA;NA
959;21:31:18;665213;R;NA;21.32;NA;NA;NA;NA;NA
960;21:31:18;665217;R;NA;NA;100938.25;NA;NA;NA;NA
961;21:31:18;665263;R;NA;21.30;NA;NA;NA;NA;NA
962;21:31:18;665266;R;NA;NA;100938.00;NA;NA;NA;NA
963;21:31:18;665312;R;NA;21.27;NA;NA;NA;NA;NA
964;21:31:18;665324;R;NA;21.26;NA;NA;NA;NA;NA
965;21:31:18;665327;R;NA;NA;100939.25;NA;NA;NA;NA
966;21:31:18;665373;R;NA;21.26;NA;NA;NA;NA;NA
967;21:31:18;665387;R;NA;21.25;NA;NA;NA;NA;NA
968;21:31:18;665389;R;NA;NA;100937.50;NA;NA;NA;NA
969;21:31:18;665435;R;NA;21.27;NA;NA;NA;NA;NA
970;21:31:18;665448;R;NA;21.28;NA;NA;NA;NA;NA
971;21:31:18;665451;R;NA;NA;100936.50;NA;NA;NA;NA
972;21:31:18;665497;R;NA;21.30;NA;NA;NA;NA;NA
973;21:31:18;665509;R;NA;21.32;NA;NA;NA;NA;NA
974;21:31:18;665512;R;NA;NA;100936.75;NA;NA;NA;NA
975;21:31:18;665559;R;NA;21.33;NA;NA;NA;NA;NA
976;21:31:18;665562;R;NA;NA;100936.25;NA;NA;NA;NA
977;21:31:18;665608;R;NA;21.30;NA;NA;NA;NA;NA
978;21:31:18;665621;R;NA;21.26;NA;NA;NA;NA;NA
979;21:31:18;665623;R;NA;NA;100937.25;NA;NA;NA;NA
980;21:31:18;665670;R;NA;21.24;NA;NA;NA;NA;NA
981;21:31:18;665682;R;NA;21.24;NA;NA;NA;NA;NA
982;21:31:18;665686;R;NA;NA;100938.25;NA;NA;NA;NA
983;21:31:19;665732;R;NA;21.26;NA;NA;NA;NA;NA
984;21:31:19;665735;R;NA;NA;100939.50;NA;NA;NA;NA
985;21:31:19;665781;R;NA;21.26;NA;NA;NA;NA;NA
986;21:31:19;665793;R;NA;21.30;NA;NA;NA;NA;NA
987;21:31:19;665796;R;NA;NA;100940.00;NA;NA;NA;NA
988;21:31:19;665842;R;NA;21.32;NA;NA;NA;NA;NA
989;21:31:19;665856;R;NA;21.32;NA;NA;NA;NA;NA
990;21:31:19;665858;R;NA;NA;100939.00;NA;NA;NA;NA
991;21:31:19;665904;R;NA;21.31;NA;NA;NA;NA;NA
992;21:31:19;665917;R;NA;21.27;NA;NA;NA;NA;NA
993;21:31:19;665920;R;NA;NA;100939.75;NA;NA;NA;NA
994;21:31:19;665966;R;NA;21.24;NA;NA;NA;NA;NA
995;21:31:19;665978;R;NA;21.25;NA;NA;NA;NA;NA
996;21:31:19;665981;R;NA;NA;100939.75;NA;NA;NA;NA
997;21:31:19;666028;R;NA;21.25;NA;NA;NA;NA;NA
998;21:31:19;666031;R;NA;NA;100940.00;NA;NA;NA;NA
999;21:31:19;666077;R;NA;21.25;NA;NA;NA;NA;NA
1000;21:31:19;666090;R;NA;21.27;NA;NA;NA;NA;NA
1001;21:31:19;666092;R;NA;NA;100941.00;NA;NA;NA;NA
1002;21:31:19;666138;R;NA;21.30;NA;NA;NA;NA;NA
1003;21:31:19;666151;R;NA;21.31;NA;NA;NA;NA;NA
1004;21:31:19;666155;R;NA;NA;100941.00;NA;NA;NA;NA
1005;21:31:19;666201;R;NA;21.32;NA;NA;NA;NA;NA
1006;21:31:19;666203;R;NA;NA;100939.50;NA;NA;NA;NA
1007;21:31:19;666250;R;NA;21.30;NA;NA;NA;NA;NA
1008;21:31:19;666262;R;NA;21.27;NA;NA;NA;NA;NA
1009;21:31:19;666265;R;NA;NA;100937.50;NA;NA;NA;NA
1010;21:31:19;666311;R;NA;21.25;NA;NA;NA;NA;NA
1011;21:31:19;666323;R;NA;21.25;NA;NA;NA;NA;NA
1012;21:31:19;666327;R;NA;NA;100938.50;NA;NA;NA;NA
1013;21:31:19;666373;R;NA;21.26;NA;NA;NA;NA;NA
1014;21:31:19;666376;R;NA;NA;100938.25;NA;NA;NA;NA
1015;21:31:19;666422;R;NA;21.28;NA;NA;NA;NA;NA
1016;21:31:19;666435;R;NA;21.29;NA;NA;NA;NA;NA
1017;21:31:19;666437;R;NA;NA;100939.50;NA;NA;NA;NA
1018;21:31:19;666483;R;NA;21.29;NA;NA;NA;NA;NA
1019;21:31:19;666497;R;NA;21.30;NA;NA;NA;NA;NA
1020;21:31:19;666500;R;NA;NA;100940.50;NA;NA;NA;NA
1021;21:31:19;666546;R;NA;21.31;NA;NA;NA;NA;NA
1022;21:31:19;666558;R;NA;21.29;NA;NA;NA;NA;NA
1023;21:31:19;666561;R;NA;NA;100939.75;NA;NA;NA;NA
1024;21:31:19;666607;R;NA;21.28;NA;NA;NA;NA;NA
1025;21:31:19;666620;R;NA;21.26;NA;NA;NA;NA;NA
1026;21:31:19;666622;R;NA;NA;100939.50;NA;NA;NA;NA
1027;21:31:19;666670;R;NA;21.25;NA;NA;NA;NA;NA
1028;21:31:19;666672;R;NA;NA;100940.00;NA;NA;NA;NA
1029;21:31:19;666718;R;NA;21.27;NA;NA;NA;NA;NA
1030;21:31:20;666731;R;NA;21.27;NA;NA;NA;NA;NA
1031;21:31:20;666734;R;NA;NA;100940.75;NA;NA;NA;NA
1032;21:31:20;666780;R;NA;21.26;NA;NA;NA;NA;NA
1033;21:31:20;666792;R;NA;21.28;NA;NA;NA;NA;NA
1034;21:31:20;666796;R;NA;NA;100942.25;NA;NA;NA;NA
1035;21:31:20;666842;R;NA;21.29;NA;NA;NA;NA;NA
1036;21:31:20;666845;R;NA;NA;100944.50;NA;NA;NA;NA
1037;21:31:20;666891;R;NA;21.29;NA;NA;NA;NA;NA
1038;21:31:20;666904;R;NA;21.29;NA;NA;NA;NA;NA
1039;21:31:20;666906;R;NA;NA;100944.75;NA;NA;NA;NA
1040;21:31:20;666952;R;NA;21.26;NA;NA;NA;NA;NA
1041;21:31:20;666966;R;NA;21.25;NA;NA;NA;NA;NA
1042;21:31:20;666969;R;NA;NA;100945.00;NA;NA;NA;NA
1043;21:31:20;667015;R;NA;21.27;NA;NA;NA;NA;NA
1044;21:31:20;667027;R;NA;21.28;NA;NA;NA;NA;NA
1045;21:31:20;667030;R;NA;NA;100944.75;NA;NA;NA;NA
1046;21:31:20;667076;R;NA;21.28;NA;NA;NA;NA;NA
1047;21:31:20;667089;R;NA;21.28;NA;NA;NA;NA;NA
1048;21:31:20;667091;R;NA;NA;100944.00;NA;NA;NA;NA
1049;21:31:20;667138;R;NA;21.28;NA;NA;NA;NA;NA
1050;21:31:20;667151;R;NA;21.29;NA;NA;NA;NA;NA
1051;21:31:20;667154;R;NA;NA;100941.25;NA;NA;NA;NA
1052;21:31:20;667200;R;NA;21.29;NA;NA;NA;NA;NA
1053;21:31:20;667212;R;NA;21.28;NA;NA;NA;NA;NA
1054;21:31:20;667215;R;NA;NA;100939.75;NA;NA;NA;NA
1055;21:31:20;667261;R;NA;21.27;NA;NA;NA;NA;NA
1056;21:31:20;667275;R;NA;21.25;NA;NA;NA;NA;NA
1057;21:31:20;667278;R;NA;NA;100938.75;NA;NA;NA;NA
1058;21:31:20;667324;R;NA;21.25;NA;NA;NA;NA;NA
1059;21:31:20;667336;R;NA;21.26;NA;NA;NA;NA;NA
1060;21:31:20;667339;R;NA;NA;100937.50;NA;NA;NA;NA
1061;21:31:20;667385;R;NA;21.27;NA;NA;NA;NA;NA
1062;21:31:20;667399;R;NA;21.29;NA;NA;NA;NA;NA
1063;21:31:20;667401;R;NA;NA;100937.75;NA;NA;NA;NA
1064;21:31:20;667447;R;NA;21.28;NA;NA;NA;NA;NA
1065;21:31:20;667460;R;NA;21.29;NA;NA;NA;NA;NA
1066;21:31:20;667463;R;NA;NA;100939.00;NA;NA;NA;NA
1067;21:31:20;667509;R;NA;21.29;NA;NA;NA;NA;NA
1068;21:31:20;667522;R;NA;21.30;NA;NA;NA;NA;NA
1069;21:31:20;667525;R;NA;NA;100938.25;NA;NA;NA;NA
1070;21:31:20;667571;R;NA;21.30;NA;NA;NA;NA;NA
1071;21:31:20;667584;R;NA;21.29;NA;NA;NA;NA;NA
1072;21:31:20;667586;R;NA;NA;100936.50;NA;NA;NA;NA
1073;21:31:20;667633;R;NA;21.27;NA;NA;NA;NA;NA
1074;21:31:20;667645;R;NA;21.28;NA;NA;NA;NA;NA
1075;21:31:20;667649;R;NA;NA;100936.25;NA;NA;NA;NA
1076;21:31:20;667695;R;NA;21.28;NA;NA;NA;NA;NA
1077;21:31:20;667698;R;NA;NA;100935.00;NA;NA;NA;NA
1078;21:31:21;667744;R;NA;21.29;NA;NA;NA;NA;NA
1079;21:31:21;667756;R;NA;21.30;NA;NA;NA;NA;NA
1080;21:31:21;667759;R;NA;NA;100935.00;NA;NA;NA;NA
1081;21:31:21;667805;R;NA;21.30;NA;NA;NA;NA;NA
1082;21:31:21;667819;R;NA;21.30;NA;NA;NA;NA;NA
1083;21:31:21;667822;R;NA;NA;100937.25;NA;NA;NA;NA
1084;21:31:21;667868;R;NA;21.30;NA;NA;NA;NA;NA
1085;21:31:21;667880;R;NA;21.29;NA;NA;NA;NA;NA
1086;21:31:21;667883;R;NA;NA;100937.75;NA;NA;NA;NA
1087;21:31:21;667929;R;NA;21.28;NA;NA;NA;NA;NA
1088;21:31:21;667942;R;NA;21.28;NA;NA;NA;NA;NA
1089;21:31:21;667944;R;NA;NA;100938.00;NA;NA;NA;NA
1090;21:31:21;667991;R;NA;21.27;NA;NA;NA;NA;NA
1091;21:31:21;667994;R;NA;NA;100936.75;NA;NA;NA;NA
1092;21:31:21;668040;R;NA;21.25;NA;NA;NA;NA;NA
1093;21:31:21;668053;R;NA;21.26;NA;NA;NA;NA;NA
1094;21:31:21;668056;R;NA;NA;100936.50;NA;NA;NA;NA
1095;21:31:21;668102;R;NA;21.29;NA;NA;NA;NA;NA
1096;21:31:21;668114;R;NA;21.31;NA;NA;NA;NA;NA
1097;21:31:21;668118;R;NA;NA;100935.50;NA;NA;NA;NA
1098;21:31:21;668164;R;NA;21.33;NA;NA;NA;NA;NA
1099;21:31:21;668167;R;NA;NA;100935.75;NA;NA;NA;NA
1100;21:31:21;668213;R;NA;21.31;NA;NA;NA;NA;NA
1101;21:31:21;668226;R;NA;21.29;NA;NA;NA;NA;NA
1102;21:31:21;668228;R;NA;NA;100938.25;NA;NA;NA;NA
1103;21:31:21;668274;R;NA;21.28;NA;NA;NA;NA;NA
1104;21:31:21;668288;R;NA;21.27;NA;NA;NA;NA;NA
1105;21:31:21;668291;R;NA;NA;100937.75;NA;NA;NA;NA
1106;21:31:21;668337;R;NA;21.27;NA;NA;NA;NA;NA
1107;21:31:21;668349;R;NA;21.27;NA;NA;NA;NA;NA
1108;21:31:21;668352;R;NA;NA;100939.75;NA;NA;NA;NA
1109;21:31:21;668398;R;NA;21.28;NA;NA;NA;NA;NA
1110;21:31:21;668411;R;NA;21.30;NA;NA;NA;NA;NA
1111;21:31:21;668413;R;NA;NA;100940.00;NA;NA;NA;NA
1112;21:31:21;668460;R;NA;21.31;NA;NA;NA;NA;NA
1113;21:31:21;668473;R;NA;21.31;NA;NA;NA;NA;NA
1114;21:31:21;668476;R;NA;NA;100938.00;NA;NA;NA;NA
1115;21:31:21;668522;R;NA;21.28;NA;NA;NA;NA;NA
1116;21:31:21;668534;R;NA;21.26;NA;NA;NA;NA;NA
1117;21:31:21;668537;R;NA;NA;100937.75;NA;NA;NA;NA
1118;21:31:21;668583;R;NA;21.26;NA;NA;NA;NA;NA
1119;21:31:21;668597;R;NA;21.26;NA;NA;NA;NA;NA
1120;21:31:21;668599;R;NA;NA;100937.50;NA;NA;NA;NA
1121;21:31:21;668646;R;NA;21.26;NA;NA;NA;NA;NA
1122;21:31:21;668658;R;NA;21.28;NA;NA;NA;NA;NA
1123;21:31:21;668661;R;NA;NA;100936.75;NA;NA;NA;NA
1124;21:31:22;668707;R;NA;21.28;NA;NA;NA;NA;NA
1125;21:31:22;668721;R;NA;21.28;NA;NA;NA;NA;NA
1126;21:31:22;668723;R;NA;NA;100936.75;NA;NA;NA;NA
1127;21:31:22;668769;R;NA;21.28;NA;NA;NA;NA;NA
1128;21:31:22;668782;R;NA;21.27;NA;NA;NA;NA;NA
1129;21:31:22;668785;R;NA;NA;100936.25;NA;NA;NA;NA
1130;21:31:22;668831;R;NA;21.26;NA;NA;NA;NA;NA
1131;21:31:22;668844;R;NA;21.28;NA;NA;NA;NA;NA
1132;21:31:22;668847;R;NA;NA;100937.00;NA;NA;NA;NA
1133;21:31:22;668893;R;NA;21.30;NA;NA;NA;NA;NA
1134;21:31:22;668906;R;NA;21.27;NA;NA;NA;NA;NA
1135;21:31:22;668908;R;NA;NA;100936.25;NA;NA;NA;NA
1136;21:31:22;668955;R;NA;21.28;NA;NA;NA;NA;NA
1137;21:31:22;668967;R;NA;21.29;NA;NA;NA;NA;NA
1138;21:31:22;668971;R;NA;NA;100938.00;NA;NA;NA;NA
1139;21:31:22;669017;R;NA;21.29;NA;NA;NA;NA;NA
1140;21:31:22;669020;R;NA;NA;100938.75;NA;NA;NA;NA
1141;21:31:22;669066;R;NA;21.29;NA;NA;NA;NA;NA
1142;21:31:22;669078;R;NA;21.35;NA;NA;NA;NA;NA
1143;21:31:22;669081;R;NA;NA;100938.50;NA;NA;NA;NA
1144;21:31:22;669127;R;NA;21.36;NA;NA;NA;NA;NA
1145;21:31:22;669140;R;NA;21.33;NA;NA;NA;NA;NA
1146;21:31:22;669143;R;NA;NA;100939.00;NA;NA;NA;NA
1147;21:31:22;669190;R;NA;21.34;NA;NA;NA;NA;NA
1148;21:31:22;669202;R;NA;21.25;NA;NA;NA;NA;NA
1149;21:31:22;669205;R;NA;NA;100939.00;NA;NA;NA;NA
1150;21:31:22;669251;R;NA;21.15;NA;NA;NA;NA;NA
1151;21:31:22;669264;R;NA;21.20;NA;NA;NA;880;NA
1152;21:31:22;669267;R;NA;NA;100939.00;NA;NA;NA;NA
1153;21:31:22;669314;R;NA;21.27;NA;NA;NA;NA;NA
1154;21:31:22;669317;R;NA;NA;100938.50;NA;NA;NA;NA
1155;21:31:22;669363;R;NA;21.27;NA;NA;NA;NA;NA
1156;21:31:22;669375;R;NA;21.38;NA;NA;NA;NA;NA
1157;21:31:22;669378;R;NA;NA;100938.75;NA;NA;NA;NA
1158;21:31:22;669424;R;NA;21.40;NA;NA;NA;NA;NA
1159;21:31:22;669437;R;NA;21.32;NA;NA;NA;NA;NA
1160;21:31:22;669440;R;NA;NA;100937.75;NA;NA;NA;NA
1161;21:31:22;669487;R;NA;21.31;NA;NA;NA;NA;NA
1162;21:31:22;669489;R;NA;NA;100937.50;NA;NA;NA;NA
1163;21:31:22;669535;R;NA;21.27;NA;NA;NA;NA;NA
1164;21:31:22;669548;R;NA;21.21;NA;NA;NA;NA;NA
1165;21:31:22;669551;R;NA;NA;100937.75;NA;NA;NA;NA
1166;21:31:22;669597;R;NA;21.22;NA;NA;NA;NA;NA
1167;21:31:22;669609;R;NA;21.30;NA;NA;NA;NA;NA
1168;21:31:22;669613;R;NA;NA;100937.75;NA;NA;NA;NA
1169;21:31:22;669659;R;NA;21.26;NA;NA;NA;NA;NA
1170;21:31:22;669662;R;NA;NA;100938.00;NA;NA;NA;NA
1171;21:31:22;669708;R;NA;21.29;NA;NA;NA;NA;NA
1172;21:31:22;669720;R;NA;21.34;NA;NA;NA;NA;NA
1173;21:31:22;669723;R;NA;NA;100938.75;NA;NA;NA;NA
1174;21:31:23;669769;R;NA;21.32;NA;NA;NA;NA;NA
1175;21:31:23;669783;R;NA;21.32;NA;NA;NA;NA;NA
1176;21:31:23;669786;R;NA;NA;100937.75;NA;NA;NA;NA
1177;21:31:23;669832;R;NA;21.31;NA;NA;NA;NA;NA
1178;21:31:23;669844;R;NA;21.26;NA;NA;NA;NA;NA
1179;21:31:23;669847;R;NA;NA;100937.75;NA;NA;NA;NA
1180;21:31:23;669893;R;NA;21.24;NA;NA;NA;NA;NA
1181;21:31:23;669906;R;NA;21.27;NA;NA;NA;NA;NA
1182;21:31:23;669908;R;NA;NA;100937.00;NA;NA;NA;NA
1183;21:31:23;669956;R;NA;21.26;NA;NA;NA;NA;NA
1184;21:31:23;669968;R;NA;21.29;NA;NA;NA;NA;NA
1185;21:31:23;669971;R;NA;NA;100937.25;NA;NA;NA;NA
1186;21:31:23;670017;R;NA;21.30;NA;NA;NA;NA;NA
1187;21:31:23;670029;R;NA;21.29;NA;NA;NA;NA;NA
1188;21:31:23;670032;R;NA;NA;100938.25;NA;NA;NA;NA
1189;21:31:23;670078;R;NA;21.29;NA;NA;NA;NA;NA
1190;21:31:23;670092;R;NA;21.31;NA;NA;NA;NA;NA
1191;21:31:23;670095;R;NA;NA;100939.00;NA;NA;NA;NA
1192;21:31:23;670141;R;NA;21.28;NA;NA;NA;NA;NA
1193;21:31:23;670153;R;NA;21.26;NA;NA;NA;NA;NA
1194;21:31:23;670156;R;NA;NA;100939.50;NA;NA;NA;NA
1195;21:31:23;670202;R;NA;21.29;NA;NA;NA;NA;NA
1196;21:31:23;670216;R;NA;21.29;NA;NA;NA;NA;NA
1197;21:31:23;670218;R;NA;NA;100938.50;NA;NA;NA;NA
1198;21:31:23;670264;R;NA;21.33;NA;NA;NA;NA;NA
1199;21:31:23;670277;R;NA;21.31;NA;NA;NA;NA;NA
1200;21:31:23;670280;R;NA;NA;100937.25;NA;NA;NA;NA
1201;21:31:23;670326;R;NA;21.25;NA;NA;NA;NA;NA
1202;21:31:23;670339;R;NA;21.26;NA;NA;NA;NA;NA
1203;21:31:23;670342;R;NA;NA;100936.25;NA;NA;NA;NA
1204;21:31:23;670388;R;NA;21.27;NA;NA;NA;NA;NA
1205;21:31:23;670401;R;NA;21.29;NA;NA;NA;NA;NA
1206;21:31:23;670404;R;NA;NA;100935.00;NA;NA;NA;NA
1207;21:31:23;670450;R;NA;21.29;NA;NA;NA;NA;NA
1208;21:31:23;670462;R;NA;21.28;NA;NA;NA;NA;NA
1209;21:31:23;670466;R;NA;NA;100934.75;NA;NA;NA;NA
1210;21:31:23;670512;R;NA;21.29;NA;NA;NA;NA;NA
1211;21:31:23;670515;R;NA;NA;100936.25;NA;NA;NA;NA
1212;21:31:23;670561;R;NA;21.29;NA;NA;NA;NA;NA
1213;21:31:23;670573;R;NA;21.32;NA;NA;NA;NA;NA
1214;21:31:23;670576;R;NA;NA;100936.00;NA;NA;NA;NA
1215;21:31:23;670622;R;NA;21.30;NA;NA;NA;NA;NA
1216;21:31:23;670636;R;NA;21.31;NA;NA;NA;NA;NA
1217;21:31:23;670639;R;NA;NA;100937.25;NA;NA;NA;NA
1218;21:31:23;670685;R;NA;21.34;NA;NA;NA;NA;NA
1219;21:31:23;670697;R;NA;21.33;NA;NA;NA;NA;NA
1220;21:31:23;670700;R;NA;NA;100937.00;NA;NA;NA;NA
1221;21:31:24;670746;R;NA;21.31;NA;NA;NA;NA;NA
1222;21:31:24;670759;R;NA;21.27;NA;NA;NA;NA;NA
1223;21:31:24;670761;R;NA;NA;100935.25;NA;NA;NA;NA
1224;21:31:24;670808;R;NA;21.24;NA;NA;NA;NA;NA
1225;21:31:24;670821;R;NA;21.26;NA;NA;NA;NA;NA
1226;21:31:24;670824;R;NA;NA;100935.25;NA;NA;NA;NA
1227;21:31:24;670870;R;NA;21.27;NA;NA;NA;NA;NA
1228;21:31:24;670882;R;NA;21.27;NA;NA;NA;NA;NA
1229;21:31:24;670885;R;NA;NA;100935.25;NA;NA;NA;NA
1230;21:31:24;670931;R;NA;21.29;NA;NA;NA;NA;NA
1231;21:31:24;670945;R;NA;21.28;NA;NA;NA;NA;NA
1232;21:31:24;670947;R;NA;NA;100935.25;NA;NA;NA;NA
1233;21:31:24;670994;R;NA;21.27;NA;NA;NA;NA;NA
1234;21:31:24;671006;R;NA;21.28;NA;NA;NA;NA;NA
1235;21:31:24;671009;R;NA;NA;100937.25;NA;NA;NA;NA
1236;21:31:24;671055;R;NA;21.29;NA;NA;NA;NA;NA
1237;21:31:24;671069;R;NA;21.27;NA;NA;NA;NA;NA
1238;21:31:24;671071;R;NA;NA;100938.00;NA;NA;NA;NA
1239;21:31:24;671117;R;NA;21.23;NA;NA;NA;NA;NA
1240;21:31:24;671130;R;NA;21.22;NA;NA;NA;NA;NA
1241;21:31:24;671133;R;NA;NA;100939.75;NA;NA;NA;NA
1242;21:31:24;671179;R;NA;21.23;NA;NA;NA;NA;NA
1243;21:31:24;671192;R;NA;21.26;NA;NA;NA;NA;NA
1244;21:31:24;671195;R;NA;NA;100940.50;NA;NA;NA;NA
1245;21:31:24;671241;R;NA;21.31;NA;NA;NA;NA;NA
1246;21:31:24;671254;R;NA;21.29;NA;NA;NA;NA;NA
1247;21:31:24;671256;R;NA;NA;100938.50;NA;NA;NA;NA
1248;21:31:24;671303;R;NA;21.27;NA;NA;NA;NA;NA
1249;21:31:24;671315;R;NA;21.27;NA;NA;NA;NA;NA
1250;21:31:24;671319;R;NA;NA;100936.75;NA;NA;NA;NA
1251;21:31:24;671365;R;NA;21.28;NA;NA;NA;NA;NA
1252;21:31:24;671368;R;NA;NA;100934.50;NA;NA;NA;NA
1253;21:31:24;671414;R;NA;21.28;NA;NA;NA;NA;NA
1254;21:31:24;671426;R;NA;21.28;NA;NA;NA;NA;NA
1255;21:31:24;671429;R;NA;NA;100934.00;NA;NA;NA;NA
1256;21:31:24;671475;R;NA;21.28;NA;NA;NA;NA;NA
1257;21:31:24;671489;R;NA;21.28;NA;NA;NA;NA;NA
1258;21:31:24;671491;R;NA;NA;100934.25;NA;NA;NA;NA
1259;21:31:24;671538;R;NA;21.30;NA;NA;NA;NA;NA
1260;21:31:24;671550;R;NA;21.30;NA;NA;NA;NA;NA
1261;21:31:24;671553;R;NA;NA;100934.75;NA;NA;NA;NA
1262;21:31:24;671599;R;NA;21.28;NA;NA;NA;NA;NA
1263;21:31:24;671612;R;NA;21.26;NA;NA;NA;NA;NA
1264;21:31:24;671614;R;NA;NA;100936.00;NA;NA;NA;NA
1265;21:31:24;671661;R;NA;21.26;NA;NA;NA;NA;NA
1266;21:31:24;671664;R;NA;NA;100936.25;NA;NA;NA;NA
1267;21:31:24;671710;R;NA;21.26;NA;NA;NA;NA;NA
1268;21:31:24;671723;R;NA;21.26;NA;NA;NA;NA;NA
1269;21:31:24;671725;R;NA;NA;100937.00;NA;NA;NA;NA
1270;21:31:25;671772;R;NA;21.26;NA;NA;NA;NA;NA
1271;21:31:25;671784;R;NA;21.27;NA;NA;NA;NA;NA
1272;21:31:25;671788;R;NA;NA;100939.00;NA;NA;NA;NA
1273;21:31:25;671834;R;NA;21.28;NA;NA;NA;NA;NA
1274;21:31:25;671837;R;NA;NA;100938.75;NA;NA;NA;NA
1275;21:31:25;671883;R;NA;21.28;NA;NA;NA;NA;NA
1276;21:31:25;671895;R;NA;21.27;NA;NA;NA;NA;NA
1277;21:31:25;671898;R;NA;NA;100940.50;NA;NA;NA;NA
1278;21:31:25;671944;R;NA;21.25;NA;NA;NA;NA;NA
1279;21:31:25;671958;R;NA;21.29;NA;NA;NA;NA;NA
1280;21:31:25;671960;R;NA;NA;100940.25;NA;NA;NA;NA
1281;21:31:25;672007;R;NA;21.29;NA;NA;NA;NA;NA
1282;21:31:25;672019;R;NA;21.28;NA;NA;NA;NA;NA
1283;21:31:25;672022;R;NA;NA;100940.00;NA;NA;NA;NA
1284;21:31:25;672068;R;NA;21.28;NA;NA;NA;NA;NA
1285;21:31:25;672081;R;NA;21.27;NA;NA;NA;NA;NA
1286;21:31:25;672083;R;NA;NA;100940.50;NA;NA;NA;NA
1287;21:31:25;672130;R;NA;21.28;NA;NA;NA;NA;NA
1288;21:31:25;672133;R;NA;NA;100939.00;NA;NA;NA;NA
1289;21:31:25;672179;R;NA;21.30;NA;NA;NA;NA;NA
1290;21:31:25;672192;R;NA;21.32;NA;NA;NA;NA;NA
1291;21:31:25;672194;R;NA;NA;100939.50;NA;NA;NA;NA
1292;21:31:25;672241;R;NA;21.31;NA;NA;NA;NA;NA
1293;21:31:25;672253;R;NA;21.29;NA;NA;NA;NA;NA
1294;21:31:25;672257;R;NA;NA;100937.75;NA;NA;NA;NA
1295;21:31:25;672303;R;NA;21.28;NA;NA;NA;NA;NA
1296;21:31:25;672306;R;NA;NA;100936.50;NA;NA;NA;NA
1297;21:31:25;672352;R;NA;21.28;NA;NA;NA;NA;NA
1298;21:31:25;672364;R;NA;21.27;NA;NA;NA;NA;NA
1299;21:31:25;672367;R;NA;NA;100936.25;NA;NA;NA;NA
1300;21:31:25;672413;R;NA;21.27;NA;NA;NA;NA;NA
1301;21:31:25;672427;R;NA;21.29;NA;NA;NA;NA;NA
1302;21:31:25;672430;R;NA;NA;100935.00;NA;NA;NA;NA
1303;21:31:25;672476;R;NA;21.28;NA;NA;NA;NA;NA
1304;21:31:25;672488;R;NA;21.28;NA;NA;NA;NA;NA
1305;21:31:25;672491;R;NA;NA;100936.00;NA;NA;NA;NA
1306;21:31:25;672537;R;NA;21.28;NA;NA;NA;NA;NA
1307;21:31:25;672550;R;NA;21.28;NA;NA;NA;NA;NA
1308;21:31:25;672552;R;NA;NA;100936.25;NA;NA;NA;NA
1309;21:31:25;672599;R;NA;21.28;NA;NA;NA;NA;NA
1310;21:31:25;672612;R;NA;21.28;NA;NA;NA;NA;NA
1311;21:31:25;672615;R;NA;NA;100936.00;NA;NA;NA;NA
1312;21:31:26;672661;R;NA;21.27;NA;NA;NA;NA;NA
1313;21:31:26;672673;R;NA;21.27;NA;NA;NA;NA;NA
1314;21:31:26;672676;R;NA;NA;100936.50;NA;NA;NA;NA
1315;21:31:26;672722;R;NA;21.27;NA;NA;NA;NA;NA
1316;21:31:26;672736;R;NA;21.28;NA;NA;NA;NA;NA
1317;21:31:26;672738;R;NA;NA;100937.00;NA;NA;NA;NA
1318;21:31:26;672785;R;NA;21.28;NA;NA;NA;NA;NA
1319;21:31:26;672797;R;NA;21.28;NA;NA;NA;NA;NA
1320;21:31:26;672800;R;NA;NA;100937.00;NA;NA;NA;NA
1321;21:31:26;672846;R;NA;21.27;NA;NA;NA;NA;NA
1322;21:31:26;672860;R;NA;21.28;NA;NA;NA;NA;NA
1323;21:31:26;672862;R;NA;NA;100936.25;NA;NA;NA;NA
1324;21:31:26;672908;R;NA;21.29;NA;NA;NA;NA;NA
1325;21:31:26;672921;R;NA;21.28;NA;NA;NA;NA;NA
1326;21:31:26;672924;R;NA;NA;100937.00;NA;NA;NA;NA
1327;21:31:26;672970;R;NA;21.27;NA;NA;NA;NA;NA
1328;21:31:26;672983;R;NA;21.26;NA;NA;NA;NA;NA
1329;21:31:26;672986;R;NA;NA;100936.25;NA;NA;NA;NA
1330;21:31:26;673032;R;NA;21.26;NA;NA;NA;NA;NA
1331;21:31:26;673045;R;NA;21.28;NA;NA;NA;NA;NA
1332;21:31:26;673047;R;NA;NA;100937.50;NA;NA;NA;NA
1333;21:31:26;673094;R;NA;21.29;NA;NA;NA;NA;NA
1334;21:31:26;673106;R;NA;21.29;NA;NA;NA;NA;NA
1335;21:31:26;673110;R;NA;NA;100940.00;NA;NA;NA;NA
1336;21:31:26;673156;R;NA;21.28;NA;NA;NA;NA;NA
1337;21:31:26;673159;R;NA;NA;100939.50;NA;NA;NA;NA
1338;21:31:26;673205;R;NA;21.28;NA;NA;NA;NA;NA
1339;21:31:26;673217;R;NA;21.27;NA;NA;NA;NA;NA
1340;21:31:26;673220;R;NA;NA;100939.25;NA;NA;NA;NA
1341;21:31:26;673266;R;NA;21.26;NA;NA;NA;NA;NA
1342;21:31:26;673280;R;NA;21.26;NA;NA;NA;NA;NA
1343;21:31:26;673282;R;NA;NA;100937.25;NA;NA;NA;NA
1344;21:31:26;673329;R;NA;21.27;NA;NA;NA;NA;NA
1345;21:31:26;673341;R;NA;21.29;NA;NA;NA;NA;NA
1346;21:31:26;673344;R;NA;NA;100936.50;NA;NA;NA;NA
1347;21:31:26;673390;R;NA;21.29;NA;NA;NA;NA;NA
1348;21:31:26;673403;R;NA;21.26;NA;NA;NA;NA;NA
1349;21:31:26;673405;R;NA;NA;100936.75;NA;NA;NA;NA
1350;21:31:26;673452;R;NA;21.26;NA;NA;NA;NA;NA
1351;21:31:26;673455;R;NA;NA;100937.00;NA;NA;NA;NA
1352;21:31:26;673501;R;NA;21.27;NA;NA;NA;NA;NA
1353;21:31:26;673514;R;NA;21.26;NA;NA;NA;NA;NA
1354;21:31:26;673516;R;NA;NA;100939.75;NA;NA;NA;NA
1355;21:31:26;673563;R;NA;21.27;NA;NA;NA;NA;NA
1356;21:31:26;673575;R;NA;21.26;NA;NA;NA;NA;NA
1357;21:31:26;673579;R;NA;NA;100939.00;NA;NA;NA;NA
1358;21:31:26;673625;R;NA;21.26;NA;NA;NA;NA;NA
1359;21:31:26;673628;R;NA;NA;100939.50;NA;NA;NA;NA
1360;21:31:26;673674;R;NA;21.29;NA;NA;NA;NA;NA
1361;21:31:26;673686;R;NA;21.29;NA;NA;NA;NA;NA
1362;21:31:26;673689;R;NA;NA;100941.50;NA;NA;NA;NA
1363;21:31:26;673735;R;NA;21.27;NA;NA;NA;NA;NA
1364;21:31:27;673748;R;NA;21.27;NA;NA;NA;NA;NA
1365;21:31:27;673751;R;NA;NA;100940.25;NA;NA;NA;NA
1366;21:31:27;673798;R;NA;21.27;NA;NA;NA;NA;NA
1367;21:31:27;673810;R;NA;21.27;NA;NA;NA;NA;NA
1368;21:31:27;673813;R;NA;NA;100941.50;NA;NA;NA;NA
1369;21:31:27;673859;R;NA;21.27;NA;NA;NA;NA;NA
1370;21:31:27;673871;R;NA;21.27;NA;NA;NA;NA;NA
1371;21:31:27;673874;R;NA;NA;100942.00;NA;NA;NA;NA
1372;21:31:27;673921;R;NA;21.27;NA;NA;NA;NA;NA
1373;21:31:27;673924;R;NA;NA;100942.00;NA;NA;NA;NA
1374;21:31:27;673970;R;NA;21.28;NA;NA;NA;NA;NA
1375;21:31:27;673983;R;NA;21.29;NA;NA;NA;NA;NA
1376;21:31:27;673985;R;NA;NA;100941.50;NA;NA;NA;NA
1377;21:31:27;674032;R;NA;21.28;NA;NA;NA;NA;NA
1378;21:31:27;674044;R;NA;21.28;NA;NA;NA;NA;NA
1379;21:31:27;674048;R;NA;NA;100940.50;NA;NA;NA;NA
1380;21:31:27;674094;R;NA;21.28;NA;NA;NA;NA;NA
1381;21:31:27;674097;R;NA;NA;100939.75;NA;NA;NA;NA
1382;21:31:27;674143;R;NA;21.28;NA;NA;NA;NA;NA
1383;21:31:27;674155;R;NA;21.29;NA;NA;NA;NA;NA
1384;21:31:27;674158;R;NA;NA;100938.75;NA;NA;NA;NA
1385;21:31:27;674204;R;NA;21.27;NA;NA;NA;NA;NA
1386;21:31:27;674217;R;NA;21.28;NA;NA;NA;NA;NA
1387;21:31:27;674220;R;NA;NA;100940.50;NA;NA;NA;NA
1388;21:31:27;674267;R;NA;21.30;NA;NA;NA;880;NA
1389;21:31:27;674280;R;NA;21.28;NA;NA;NA;NA;NA
1390;21:31:27;674282;R;NA;NA;100943.25;NA;NA;NA;NA
1391;21:31:27;674329;R;NA;21.28;NA;NA;NA;NA;NA
1392;21:31:27;674341;R;NA;21.27;NA;NA;NA;NA;NA
1393;21:31:27;674344;R;NA;NA;100942.75;NA;NA;NA;NA
1394;21:31:27;674391;R;NA;21.27;NA;NA;NA;NA;NA
1395;21:31:27;674394;R;NA;NA;100942.25;NA;NA;NA;NA
1396;21:31:27;674440;R;NA;21.29;NA;NA;NA;NA;NA
1397;21:31:27;674452;R;NA;21.29;NA;NA;NA;NA;NA
1398;21:31:27;674455;R;NA;NA;100941.25;NA;NA;NA;NA
1399;21:31:27;674501;R;NA;21.28;NA;NA;NA;NA;NA
1400;21:31:27;674514;R;NA;21.27;NA;NA;NA;NA;NA
1401;21:31:27;674518;R;NA;NA;100939.25;NA;NA;NA;NA
1402;21:31:27;674564;R;NA;21.28;NA;NA;NA;NA;NA
1403;21:31:27;674566;R;NA;NA;100940.00;NA;NA;NA;NA
1404;21:31:27;674613;R;NA;21.28;NA;NA;NA;NA;NA
1405;21:31:27;674625;R;NA;21.29;NA;NA;NA;NA;NA
1406;21:31:27;674628;R;NA;NA;100941.00;NA;NA;NA;NA
1407;21:31:27;674674;R;NA;21.29;NA;NA;NA;NA;NA
1408;21:31:27;674686;R;NA;21.28;NA;NA;NA;NA;NA
1409;21:31:27;674690;R;NA;NA;100941.25;NA;NA;NA;NA
1410;21:31:28;674736;R;NA;21.28;NA;NA;NA;NA;NA
1411;21:31:28;674739;R;NA;NA;100941.50;NA;NA;NA;NA
1412;21:31:28;674785;R;NA;21.28;NA;NA;NA;NA;NA
1413;21:31:28;674798;R;NA;21.28;NA;NA;NA;NA;NA
1414;21:31:28;674800;R;NA;NA;100940.75;NA;NA;NA;NA
1415;21:31:28;674847;R;NA;21.29;NA;NA;NA;NA;NA
1416;21:31:28;674860;R;NA;21.29;NA;NA;NA;NA;NA
1417;21:31:28;674863;R;NA;NA;100940.50;NA;NA;NA;NA
1418;21:31:28;674909;R;NA;21.28;NA;NA;NA;NA;NA
1419;21:31:28;674921;R;NA;21.27;NA;NA;NA;NA;NA
1420;21:31:28;674924;R;NA;NA;100939.50;NA;NA;NA;NA
1421;21:31:28;674970;R;NA;21.27;NA;NA;NA;NA;NA
1422;21:31:28;674983;R;NA;21.27;NA;NA;NA;NA;NA
1423;21:31:28;674987;R;NA;NA;100938.50;NA;NA;NA;NA
1424;21:31:28;675033;R;NA;21.27;NA;NA;NA;NA;NA
1425;21:31:28;675035;R;NA;NA;100938.75;NA;NA;NA;NA
1426;21:31:28;675082;R;NA;21.26;NA;NA;NA;NA;NA
1427;21:31:28;675094;R;NA;21.26;NA;NA;NA;NA;NA
1428;21:31:28;675097;R;NA;NA;100938.75;NA;NA;NA;NA
1429;21:31:28;675143;R;NA;21.27;NA;NA;NA;NA;NA
1430;21:31:28;675156;R;NA;21.27;NA;NA;NA;NA;NA
1431;21:31:28;675159;R;NA;NA;100939.50;NA;NA;NA;NA
1432;21:31:28;675205;R;NA;21.27;NA;NA;NA;NA;NA
1433;21:31:28;675208;R;NA;NA;100941.75;NA;NA;NA;NA
1434;21:31:28;675254;R;NA;21.27;NA;NA;NA;NA;NA
1435;21:31:28;675267;R;NA;21.26;NA;NA;NA;NA;NA
1436;21:31:28;675269;R;NA;NA;100942.75;NA;NA;NA;NA
1437;21:31:28;675316;R;NA;21.27;NA;NA;NA;NA;NA
1438;21:31:28;675329;R;NA;21.28;NA;NA;NA;NA;NA
1439;21:31:28;675332;R;NA;NA;100942.50;NA;NA;NA;NA
1440;21:31:28;675378;R;NA;21.29;NA;NA;NA;NA;NA
1441;21:31:28;675390;R;NA;21.29;NA;NA;NA;NA;NA
1442;21:31:28;675393;R;NA;NA;100943.25;NA;NA;NA;NA
1443;21:31:28;675439;R;NA;21.28;NA;NA;NA;NA;NA
1444;21:31:28;675452;R;NA;21.28;NA;NA;NA;NA;NA
1445;21:31:28;675456;R;NA;NA;100941.00;NA;NA;NA;NA
1446;21:31:28;675502;R;NA;21.28;NA;NA;NA;NA;NA
1447;21:31:28;675504;R;NA;NA;100942.00;NA;NA;NA;NA
1448;21:31:28;675551;R;NA;21.28;NA;NA;NA;NA;NA
1449;21:31:28;675563;R;NA;21.27;NA;NA;NA;NA;NA
1450;21:31:28;675566;R;NA;NA;100942.50;NA;NA;NA;NA
1451;21:31:28;675612;R;NA;21.26;NA;NA;NA;NA;NA
1452;21:31:28;675625;R;NA;21.26;NA;NA;NA;NA;NA
1453;21:31:28;675628;R;NA;NA;100942.00;NA;NA;NA;NA
1454;21:31:28;675674;R;NA;21.27;NA;NA;NA;NA;NA
1455;21:31:28;675677;R;NA;NA;100943.75;NA;NA;NA;NA
1456;21:31:29;675723;R;NA;21.28;NA;NA;NA;NA;NA
1457;21:31:29;675736;R;NA;21.28;NA;NA;NA;NA;NA
1458;21:31:29;675738;R;NA;NA;100943.75;NA;NA;NA;NA
1459;21:31:29;675785;R;NA;21.28;NA;NA;NA;NA;NA
1460;21:31:29;675798;R;NA;21.28;NA;NA;NA;NA;NA
1461;21:31:29;675801;R;NA;NA;100942.75;NA;NA;NA;NA
1462;21:31:29;675847;R;NA;21.28;NA;NA;NA;NA;NA
1463;21:31:29;675859;R;NA;21.28;NA;NA;NA;NA;NA
1464;21:31:29;675862;R;NA;NA;100943.75;NA;NA;NA;NA
1465;21:31:29;675908;R;NA;21.27;NA;NA;NA;NA;NA
1466;21:31:29;675921;R;NA;21.27;NA;NA;NA;NA;NA
1467;21:31:29;675924;R;NA;NA;100942.25;NA;NA;NA;NA
1468;21:31:29;675971;R;NA;21.28;NA;NA;NA;NA;NA
1469;21:31:29;675973;R;NA;NA;100941.25;NA;NA;NA;NA
1470;21:31:31;676020;R;NA;21.28;NA;NA;NA;NA;NA
1471;21:31:31;676032;R;NA;21.28;NA;NA;NA;NA;NA
1472;21:31:31;676035;R;NA;NA;100942.50;NA;NA;NA;NA
1473;21:31:31;676081;R;NA;21.28;NA;NA;NA;NA;NA
1474;21:31:31;676094;R;NA;21.28;NA;NA;NA;NA;NA
1475;21:31:31;676097;R;NA;NA;100942.50;NA;NA;NA;NA
1476;21:31:31;676143;R;NA;21.28;NA;NA;NA;NA;NA
1477;21:31:31;676156;R;NA;21.27;NA;NA;NA;NA;NA
1478;21:31:31;676159;R;NA;NA;100943.75;NA;NA;NA;NA
1479;21:31:31;676205;R;NA;21.26;NA;NA;NA;NA;NA
1480;21:31:31;676217;R;NA;21.27;NA;NA;NA;NA;NA
1481;21:31:31;676220;R;NA;NA;100942.50;NA;NA;NA;NA
1482;21:31:31;676267;R;NA;21.28;NA;NA;NA;NA;NA
1483;21:31:31;676270;R;NA;NA;100942.00;NA;NA;NA;NA
1484;21:31:31;676316;R;NA;21.27;NA;NA;NA;NA;NA
1485;21:31:31;676329;R;NA;21.27;NA;NA;NA;NA;NA
1486;21:31:31;676331;R;NA;NA;100942.50;NA;NA;NA;NA
1487;21:31:31;676377;R;NA;21.28;NA;NA;NA;NA;NA
1488;21:31:31;676390;R;NA;21.28;NA;NA;NA;NA;NA
1489;21:31:31;676393;R;NA;NA;100943.25;NA;NA;NA;NA
1490;21:31:31;676440;R;NA;21.29;NA;NA;NA;NA;NA
1491;21:31:31;676442;R;NA;NA;100943.75;NA;NA;NA;NA
1492;21:31:31;676489;R;NA;21.28;NA;NA;NA;NA;NA
1493;21:31:31;676501;R;NA;21.27;NA;NA;NA;NA;NA
1494;21:31:31;676504;R;NA;NA;100942.50;NA;NA;NA;NA
1495;21:31:31;676550;R;NA;21.28;NA;NA;NA;NA;NA
1496;21:31:31;676563;R;NA;21.27;NA;NA;NA;NA;NA
1497;21:31:31;676566;R;NA;NA;100940.00;NA;NA;NA;NA
1498;21:31:31;676612;R;NA;21.26;NA;NA;NA;NA;NA
1499;21:31:31;676625;R;NA;21.26;NA;NA;NA;NA;NA
1500;21:31:31;676628;R;NA;NA;100938.00;NA;NA;NA;NA
1501;21:31:31;676674;R;NA;21.26;NA;NA;NA;NA;NA
1502;21:31:31;676686;R;NA;21.28;NA;NA;NA;NA;NA
1503;21:31:31;676689;R;NA;NA;100937.50;NA;NA;NA;NA
1504;21:31:31;676736;R;NA;21.27;NA;NA;NA;NA;NA
1505;21:31:31;676739;R;NA;NA;100938.25;NA;NA;NA;NA
1506;21:31:31;676785;R;NA;21.27;NA;NA;NA;NA;NA
1507;21:31:31;676798;R;NA;21.28;NA;NA;NA;NA;NA
1508;21:31:31;676800;R;NA;NA;100937.50;NA;NA;NA;NA
1509;21:31:31;676846;R;NA;21.29;NA;NA;NA;NA;NA
1510;21:31:31;676859;R;NA;21.30;NA;NA;NA;NA;NA
1511;21:31:31;676862;R;NA;NA;100937.50;NA;NA;NA;NA
1512;21:31:31;676909;R;NA;21.29;NA;NA;NA;NA;NA
1513;21:31:31;676911;R;NA;NA;100937.75;NA;NA;NA;NA
1514;21:31:31;676958;R;NA;21.28;NA;NA;NA;NA;NA
1515;21:31:31;676970;R;NA;21.27;NA;NA;NA;NA;NA
1516;21:31:31;676973;R;NA;NA;100937.75;NA;NA;NA;NA
1517;21:31:31;677019;R;NA;21.27;NA;NA;NA;NA;NA
1518;21:31:31;677032;R;NA;21.27;NA;NA;NA;NA;NA
1519;21:31:31;677035;R;NA;NA;100939.50;NA;NA;NA;NA
1520;21:31:31;677081;R;NA;21.26;NA;NA;NA;NA;NA
1521;21:31:31;677084;R;NA;NA;100939.00;NA;NA;NA;NA
1522;21:31:31;677130;R;NA;21.27;NA;NA;NA;NA;NA
1523;21:31:31;677143;R;NA;21.27;NA;NA;NA;NA;NA
1524;21:31:31;677146;R;NA;NA;100939.50;NA;NA;NA;NA
1525;21:31:31;677192;R;NA;21.27;NA;NA;NA;NA;NA
1526;21:31:31;677204;R;NA;21.27;NA;NA;NA;NA;NA
1527;21:31:31;677208;R;NA;NA;100939.50;NA;NA;NA;NA
1528;21:31:31;677254;R;NA;21.26;NA;NA;NA;NA;NA
1529;21:31:31;677257;R;NA;NA;100938.50;NA;NA;NA;NA
1530;21:31:31;677303;R;NA;21.27;NA;NA;NA;NA;NA
1531;21:31:31;677315;R;NA;21.25;NA;NA;NA;NA;NA
1532;21:31:31;677318;R;NA;NA;100938.00;NA;NA;NA;NA
1533;21:31:31;677364;R;NA;21.25;NA;NA;NA;NA;NA
1534;21:31:31;677378;R;NA;21.25;NA;NA;NA;NA;NA
1535;21:31:31;677381;R;NA;NA;100939.50;NA;NA;NA;NA
1536;21:31:31;677427;R;NA;21.26;NA;NA;NA;NA;NA
1537;21:31:31;677439;R;NA;21.28;NA;NA;NA;NA;NA
1538;21:31:31;677442;R;NA;NA;100940.75;NA;NA;NA;NA
1539;21:31:31;677488;R;NA;21.28;NA;NA;NA;NA;NA
1540;21:31:31;677501;R;NA;21.27;NA;NA;NA;NA;NA
1541;21:31:31;677504;R;NA;NA;100940.25;NA;NA;NA;NA
1542;21:31:31;677550;R;NA;21.25;NA;NA;NA;NA;NA
1543;21:31:31;677553;R;NA;NA;100942.00;NA;NA;NA;NA
1544;21:31:31;677599;R;NA;21.25;NA;NA;NA;NA;NA
1545;21:31:31;677612;R;NA;21.25;NA;NA;NA;NA;NA
1546;21:31:31;677615;R;NA;NA;100941.50;NA;NA;NA;NA
1547;21:31:31;677661;R;NA;21.25;NA;NA;NA;NA;NA
1548;21:31:31;677673;R;NA;21.26;NA;NA;NA;NA;NA
1549;21:31:31;677677;R;NA;NA;100940.25;NA;NA;NA;NA
1550;21:31:31;677723;R;NA;21.26;NA;NA;NA;NA;NA
1551;21:31:31;677726;R;NA;NA;100940.25;NA;NA;NA;NA
1552;21:31:31;677772;R;NA;21.28;NA;NA;NA;NA;NA
1553;21:31:31;677784;R;NA;21.28;NA;NA;NA;NA;NA
1554;21:31:31;677787;R;NA;NA;100939.25;NA;NA;NA;NA
1555;21:31:31;677833;R;NA;21.27;NA;NA;NA;NA;NA
1556;21:31:31;677847;R;NA;21.27;NA;NA;NA;NA;NA
1557;21:31:31;677849;R;NA;NA;100937.50;NA;NA;NA;NA
1558;21:31:31;677896;R;NA;21.27;NA;NA;NA;NA;NA
1559;21:31:31;677908;R;NA;21.28;NA;NA;NA;NA;NA
1560;21:31:31;677911;R;NA;NA;100937.50;NA;NA;NA;NA
1561;21:31:31;677957;R;NA;21.28;NA;NA;NA;NA;NA
1562;21:31:31;677969;R;NA;21.28;NA;NA;NA;NA;NA
1563;21:31:31;677972;R;NA;NA;100937.50;NA;NA;NA;NA
1564;21:31:31;678019;R;NA;21.27;NA;NA;NA;NA;NA
1565;21:31:31;678022;R;NA;NA;100938.25;NA;NA;NA;NA
1566;21:31:31;678068;R;NA;21.27;NA;NA;NA;NA;NA
1567;21:31:31;678081;R;NA;21.27;NA;NA;NA;NA;NA
1568;21:31:31;678083;R;NA;NA;100939.50;NA;NA;NA;NA
1569;21:31:31;678130;R;NA;21.27;NA;NA;NA;NA;NA
1570;21:31:31;678142;R;NA;21.26;NA;NA;NA;NA;NA
1571;21:31:31;678146;R;NA;NA;100939.00;NA;NA;NA;NA
1572;21:31:31;678192;R;NA;21.25;NA;NA;NA;NA;NA
1573;21:31:31;678195;R;NA;NA;100938.25;NA;NA;NA;NA
1574;21:31:31;678241;R;NA;21.26;NA;NA;NA;NA;NA
1575;21:31:31;678253;R;NA;21.26;NA;NA;NA;NA;NA
1576;21:31:31;678256;R;NA;NA;100937.50;NA;NA;NA;NA
1577;21:31:31;678302;R;NA;21.25;NA;NA;NA;NA;NA
1578;21:31:31;678316;R;NA;21.26;NA;NA;NA;NA;NA
1579;21:31:31;678318;R;NA;NA;100936.50;NA;NA;NA;NA
1580;21:31:31;678365;R;NA;21.27;NA;NA;NA;NA;NA
1581;21:31:31;678377;R;NA;21.27;NA;NA;NA;NA;NA
1582;21:31:31;678380;R;NA;NA;100936.75;NA;NA;NA;NA
1583;21:31:31;678426;R;NA;21.27;NA;NA;NA;NA;NA
1584;21:31:31;678439;R;NA;21.27;NA;NA;NA;NA;NA
1585;21:31:31;678441;R;NA;NA;100938.75;NA;NA;NA;NA
1586;21:31:31;678488;R;NA;21.26;NA;NA;NA;NA;NA
1587;21:31:31;678491;R;NA;NA;100939.50;NA;NA;NA;NA
1588;21:31:31;678537;R;NA;21.27;NA;NA;NA;NA;NA
1589;21:31:31;678550;R;NA;21.29;NA;NA;NA;NA;NA
1590;21:31:31;678552;R;NA;NA;100939.75;NA;NA;NA;NA
1591;21:31:31;678599;R;NA;21.29;NA;NA;NA;NA;NA
1592;21:31:31;678611;R;NA;21.29;NA;NA;NA;NA;NA
1593;21:31:31;678615;R;NA;NA;100939.75;NA;NA;NA;NA
1594;21:31:31;678661;R;NA;21.28;NA;NA;NA;NA;NA
1595;21:31:31;678664;R;NA;NA;100939.75;NA;NA;NA;NA
1596;21:31:32;678710;R;NA;21.28;NA;NA;NA;NA;NA
1597;21:31:32;678722;R;NA;21.29;NA;NA;NA;NA;NA
1598;21:31:32;678725;R;NA;NA;100938.75;NA;NA;NA;NA
1599;21:31:32;678771;R;NA;21.27;NA;NA;NA;NA;NA
1600;21:31:32;678785;R;NA;21.28;NA;NA;NA;NA;NA
1601;21:31:32;678787;R;NA;NA;100938.75;NA;NA;NA;NA
1602;21:31:32;678834;R;NA;21.28;NA;NA;NA;NA;NA
1603;21:31:32;678846;R;NA;21.27;NA;NA;NA;NA;NA
1604;21:31:32;678849;R;NA;NA;100939.25;NA;NA;NA;NA
1605;21:31:32;678895;R;NA;21.27;NA;NA;NA;NA;NA
1606;21:31:32;678907;R;NA;21.25;NA;NA;NA;NA;NA
1607;21:31:32;678910;R;NA;NA;100938.75;NA;NA;NA;NA
1608;21:31:32;678957;R;NA;21.24;NA;NA;NA;NA;NA
1609;21:31:32;678960;R;NA;NA;100939.25;NA;NA;NA;NA
1610;21:31:32;679006;R;NA;21.27;NA;NA;NA;NA;NA
1611;21:31:32;679019;R;NA;21.25;NA;NA;NA;NA;NA
1612;21:31:32;679021;R;NA;NA;100939.00;NA;NA;NA;NA
1613;21:31:32;679068;R;NA;21.23;NA;NA;NA;NA;NA
1614;21:31:32;679080;R;NA;21.26;NA;NA;NA;NA;NA
1615;21:31:32;679084;R;NA;NA;100937.75;NA;NA;NA;NA
1616;21:31:32;679130;R;NA;21.25;NA;NA;NA;NA;NA
1617;21:31:32;679133;R;NA;NA;100937.25;NA;NA;NA;NA
1618;21:31:32;679179;R;NA;21.28;NA;NA;NA;NA;NA
1619;21:31:32;679191;R;NA;21.31;NA;NA;NA;NA;NA
1620;21:31:32;679194;R;NA;NA;100938.75;NA;NA;NA;NA
1621;21:31:32;679240;R;NA;21.29;NA;NA;NA;NA;NA
1622;21:31:32;679254;R;NA;21.29;NA;NA;NA;NA;NA
1623;21:31:32;679257;R;NA;NA;100939.50;NA;NA;NA;NA
1624;21:31:32;679303;R;NA;21.30;NA;NA;NA;880;NA
1625;21:31:32;679316;R;NA;21.29;NA;NA;NA;NA;NA
1626;21:31:32;679319;R;NA;NA;100940.25;NA;NA;NA;NA
1627;21:31:32;679365;R;NA;21.26;NA;NA;NA;NA;NA
1628;21:31:32;679377;R;NA;21.25;NA;NA;NA;NA;NA
1629;21:31:32;679380;R;NA;NA;100941.00;NA;NA;NA;NA
1630;21:31:32;679427;R;NA;21.25;NA;NA;NA;NA;NA
1631;21:31:32;679430;R;NA;NA;100940.75;NA;NA;NA;NA
1632;21:31:32;679476;R;NA;21.28;NA;NA;NA;NA;NA
1633;21:31:32;679488;R;NA;21.31;NA;NA;NA;NA;NA
1634;21:31:32;679491;R;NA;NA;100939.75;NA;NA;NA;NA
1635;21:31:32;679537;R;NA;21.30;NA;NA;NA;NA;NA
1636;21:31:32;679550;R;NA;21.28;NA;NA;NA;NA;NA
1637;21:31:32;679553;R;NA;NA;100941.00;NA;NA;NA;NA
1638;21:31:33;679600;R;NA;21.25;NA;NA;NA;NA;NA
1639;21:31:33;679602;R;NA;NA;100941.75;NA;NA;NA;NA
